% f (Hz),G_rec (dB),T_e_rec (K)
  900000000,	56.04,	 7.66
  901000000,	56.03,	 7.50
  902000000,	56.02,	 7.71
  903000000,	56.01,	 7.56
  904000000,	56.00,	 7.63
  905000000,	55.99,	 7.62
  906000000,	55.98,	 7.54
  907000000,	55.97,	 7.61
  908000000,	55.96,	 7.47
  909000000,	55.96,	 7.55
  910000000,	55.95,	 7.60
  911000000,	55.94,	 7.68
  912000000,	55.93,	 7.85
  913000000,	55.93,	 7.57
  914000000,	55.92,	 7.51
  915000000,	55.92,	 7.64
  916000000,	55.91,	 7.59
  917000000,	55.91,	 7.67
  918000000,	55.91,	 7.56
  919000000,	55.91,	 7.49
  920000000,	55.91,	 7.46
  921000000,	55.91,	 7.56
  922000000,	55.91,	 7.55
  923000000,	55.90,	 7.56
  924000000,	55.91,	 7.45
  925000000,	55.90,	 7.63
  926000000,	55.91,	 7.50
  927000000,	55.91,	 7.43
  928000000,	55.90,	 7.54
  929000000,	55.90,	 7.43
  930000000,	55.90,	 7.47
  931000000,	55.90,	 7.58
  932000000,	55.91,	 7.47
  933000000,	55.91,	 7.44
  934000000,	55.91,	 7.57
  935000000,	55.91,	 7.51
  936000000,	55.92,	 7.38
  937000000,	55.92,	 7.19
  938000000,	55.92,	 7.53
  939000000,	55.92,	 7.37
  940000000,	55.92,	 7.47
  941000000,	55.92,	 7.51
  942000000,	55.92,	 7.46
  943000000,	55.91,	 7.41
  944000000,	55.91,	 7.62
  945000000,	55.90,	 7.29
  946000000,	55.89,	 7.46
  947000000,	55.89,	 7.39
  948000000,	55.88,	 7.42
  949000000,	55.88,	 7.34
  950000000,	55.87,	 7.59
  951000000,	55.86,	 7.34
  952000000,	55.85,	 7.27
  953000000,	55.84,	 7.42
  954000000,	55.83,	 7.30
  955000000,	55.82,	 7.24
  956000000,	55.81,	 7.28
  957000000,	55.80,	 7.24
  958000000,	55.79,	 7.38
  959000000,	55.78,	 7.22
  960000000,	55.77,	 7.46
  961000000,	55.75,	 7.48
  962000000,	55.74,	 7.36
  963000000,	55.73,	 7.31
  964000000,	55.71,	 7.26
  965000000,	55.70,	 7.41
  966000000,	55.68,	 7.43
  967000000,	55.67,	 7.36
  968000000,	55.65,	 7.57
  969000000,	55.63,	 7.41
  970000000,	55.62,	 7.39
  971000000,	55.60,	 7.33
  972000000,	55.58,	 7.29
  973000000,	55.57,	 7.48
  974000000,	55.55,	 7.47
  975000000,	55.53,	 7.43
  976000000,	55.52,	 7.51
  977000000,	55.50,	 7.48
  978000000,	55.48,	 7.40
  979000000,	55.47,	 7.39
  980000000,	55.45,	 7.48
  981000000,	55.44,	 7.66
  982000000,	55.42,	 7.48
  983000000,	55.41,	 7.68
  984000000,	55.39,	 7.62
  985000000,	55.38,	 7.53
  986000000,	55.36,	 7.68
  987000000,	55.35,	 7.71
  988000000,	55.34,	 7.63
  989000000,	55.33,	 7.64
  990000000,	55.32,	 7.75
  991000000,	55.31,	 7.79
  992000000,	55.30,	 7.82
  993000000,	55.29,	 7.75
  994000000,	55.29,	 7.63
  995000000,	55.28,	 7.98
  996000000,	55.27,	 7.92
  997000000,	55.27,	 7.80
  998000000,	55.26,	 7.90
  999000000,	55.26,	 7.99
 1000000000,	55.26,	 7.75
 1001000000,	55.25,	 8.02
 1002000000,	55.25,	 8.04
 1003000000,	55.25,	 8.08
 1004000000,	55.25,	 8.04
 1005000000,	55.25,	 8.18
 1006000000,	55.25,	 8.21
 1007000000,	55.25,	 8.20
 1008000000,	55.26,	 8.27
 1009000000,	55.26,	 8.18
 1010000000,	55.26,	 8.09
 1011000000,	55.27,	 8.25
 1012000000,	55.28,	 8.25
 1013000000,	55.28,	 8.34
 1014000000,	55.29,	 8.19
 1015000000,	55.29,	 8.45
 1016000000,	55.30,	 8.27
 1017000000,	55.31,	 8.36
 1018000000,	55.32,	 8.41
 1019000000,	55.32,	 8.30
 1020000000,	55.33,	 8.41
 1021000000,	55.34,	 8.58
 1022000000,	55.34,	 8.39
 1023000000,	55.35,	 8.40
 1024000000,	55.36,	 8.32
 1025000000,	55.37,	 8.31
 1026000000,	55.38,	 8.42
 1027000000,	55.39,	 8.48
 1028000000,	55.41,	 8.44
 1029000000,	55.42,	 8.36
 1030000000,	55.43,	 8.44
 1031000000,	55.44,	 8.54
 1032000000,	55.45,	 8.63
 1033000000,	55.46,	 8.45
 1034000000,	55.47,	 8.67
 1035000000,	55.48,	 8.65
 1036000000,	55.49,	 8.59
 1037000000,	55.50,	 8.57
 1038000000,	55.51,	 8.53
 1039000000,	55.52,	 8.60
 1040000000,	55.53,	 8.66
 1041000000,	55.54,	 8.65
 1042000000,	55.55,	 8.41
 1043000000,	55.56,	 8.55
 1044000000,	55.56,	 8.58
 1045000000,	55.57,	 8.60
 1046000000,	55.57,	 8.67
 1047000000,	55.58,	 8.47
 1048000000,	55.58,	 8.48
 1049000000,	55.59,	 8.68
 1050000000,	55.59,	 8.47
 1051000000,	55.59,	 8.68
 1052000000,	55.60,	 8.43
 1053000000,	55.60,	 8.49
 1054000000,	55.60,	 8.67
 1055000000,	55.60,	 8.51
 1056000000,	55.60,	 8.56
 1057000000,	55.61,	 8.62
 1058000000,	55.61,	 8.56
 1059000000,	55.61,	 8.70
 1060000000,	55.61,	 8.49
 1061000000,	55.60,	 8.64
 1062000000,	55.60,	 8.67
 1063000000,	55.60,	 8.63
 1064000000,	55.59,	 8.62
 1065000000,	55.59,	 8.56
 1066000000,	55.59,	 8.54
 1067000000,	55.58,	 8.69
 1068000000,	55.58,	 8.53
 1069000000,	55.57,	 8.57
 1070000000,	55.56,	 8.50
 1071000000,	55.56,	 8.71
 1072000000,	55.55,	 8.61
 1073000000,	55.55,	 8.53
 1074000000,	55.54,	 8.78
 1075000000,	55.53,	 8.49
 1076000000,	55.53,	 8.57
 1077000000,	55.52,	 8.72
 1078000000,	55.51,	 8.53
 1079000000,	55.51,	 8.61
 1080000000,	55.50,	 8.83
 1081000000,	55.49,	 8.74
 1082000000,	55.48,	 8.73
 1083000000,	55.48,	 8.66
 1084000000,	55.47,	 8.79
 1085000000,	55.46,	 8.69
 1086000000,	55.46,	 8.73
 1087000000,	55.45,	 8.60
 1088000000,	55.44,	 8.88
 1089000000,	55.44,	 8.74
 1090000000,	55.43,	 8.71
 1091000000,	55.42,	 8.81
 1092000000,	55.42,	 8.82
 1093000000,	55.41,	 8.80
 1094000000,	55.41,	 8.73
 1095000000,	55.41,	 8.88
 1096000000,	55.40,	 8.77
 1097000000,	55.40,	 8.92
 1098000000,	55.40,	 8.93
 1099000000,	55.39,	 8.96
 1100000000,	55.39,	 8.94
 1101000000,	55.39,	 8.94
 1102000000,	55.38,	 8.92
 1103000000,	55.38,	 8.96
 1104000000,	55.38,	 9.03
 1105000000,	55.38,	 8.93
 1106000000,	55.38,	 9.02
 1107000000,	55.37,	 9.04
 1108000000,	55.38,	 8.92
 1109000000,	55.38,	 8.98
 1110000000,	55.38,	 8.95
 1111000000,	55.38,	 9.01
 1112000000,	55.38,	 9.01
 1113000000,	55.39,	 8.94
 1114000000,	55.39,	 9.02
 1115000000,	55.40,	 9.02
 1116000000,	55.40,	 9.09
 1117000000,	55.40,	 9.21
 1118000000,	55.41,	 9.19
 1119000000,	55.41,	 8.94
 1120000000,	55.42,	 9.20
 1121000000,	55.43,	 9.13
 1122000000,	55.44,	 9.09
 1123000000,	55.44,	 8.94
 1124000000,	55.45,	 9.11
 1125000000,	55.46,	 9.17
 1126000000,	55.46,	 9.01
 1127000000,	55.47,	 9.07
 1128000000,	55.48,	 9.10
 1129000000,	55.49,	 9.18
 1130000000,	55.50,	 9.18
 1131000000,	55.51,	 9.22
 1132000000,	55.51,	 9.08
 1133000000,	55.52,	 9.10
 1134000000,	55.53,	 9.14
 1135000000,	55.54,	 9.17
 1136000000,	55.55,	 9.11
 1137000000,	55.56,	 9.05
 1138000000,	55.57,	 8.92
 1139000000,	55.58,	 8.96
 1140000000,	55.59,	 9.16
 1141000000,	55.60,	 8.81
 1142000000,	55.60,	 8.98
 1143000000,	55.62,	 9.13
 1144000000,	55.63,	 8.95
 1145000000,	55.63,	 9.01
 1146000000,	55.64,	 8.99
 1147000000,	55.65,	 8.92
 1148000000,	55.66,	 9.02
 1149000000,	55.67,	 8.96
 1150000000,	55.67,	 8.79
 1151000000,	55.68,	 9.02
 1152000000,	55.69,	 8.87
 1153000000,	55.70,	 8.84
 1154000000,	55.70,	 8.91
 1155000000,	55.71,	 8.88
 1156000000,	55.71,	 8.77
 1157000000,	55.72,	 8.64
 1158000000,	55.72,	 8.88
 1159000000,	55.73,	 8.76
 1160000000,	55.73,	 8.79
 1161000000,	55.73,	 8.79
 1162000000,	55.74,	 8.82
 1163000000,	55.74,	 8.73
 1164000000,	55.74,	 8.82
 1165000000,	55.74,	 8.71
 1166000000,	55.75,	 8.69
 1167000000,	55.75,	 8.86
 1168000000,	55.75,	 8.69
 1169000000,	55.75,	 8.73
 1170000000,	55.75,	 8.51
 1171000000,	55.74,	 8.62
 1172000000,	55.74,	 8.56
 1173000000,	55.75,	 8.45
 1174000000,	55.75,	 8.48
 1175000000,	55.74,	 8.64
 1176000000,	55.74,	 8.81
 1177000000,	55.74,	 8.76
 1178000000,	55.73,	 8.55
 1179000000,	55.73,	 8.55
 1180000000,	55.72,	 8.68
 1181000000,	55.72,	 8.51
 1182000000,	55.71,	 8.58
 1183000000,	55.70,	 8.67
 1184000000,	55.70,	 8.54
 1185000000,	55.69,	 8.69
 1186000000,	55.68,	 8.43
 1187000000,	55.68,	 8.79
 1188000000,	55.67,	 8.53
 1189000000,	55.66,	 8.49
 1190000000,	55.66,	 8.60
 1191000000,	55.65,	 8.50
 1192000000,	55.64,	 8.64
 1193000000,	55.63,	 8.60
 1194000000,	55.63,	 8.58
 1195000000,	55.62,	 8.89
 1196000000,	55.61,	 8.90
 1197000000,	55.61,	 8.72
 1198000000,	55.60,	 8.64
 1199000000,	55.59,	 8.75
 1200000000,	55.58,	 8.72
 1201000000,	55.58,	 8.84
 1202000000,	55.57,	 8.78
 1203000000,	55.56,	 8.74
 1204000000,	55.56,	 8.63
 1205000000,	55.55,	 8.66
 1206000000,	55.54,	 8.78
 1207000000,	55.53,	 8.84
 1208000000,	55.52,	 8.71
 1209000000,	55.52,	 8.90
 1210000000,	55.51,	 8.85
 1211000000,	55.51,	 8.81
 1212000000,	55.50,	 8.72
 1213000000,	55.49,	 8.88
 1214000000,	55.49,	 8.99
 1215000000,	55.48,	 9.04
 1216000000,	55.48,	 8.96
 1217000000,	55.48,	 8.84
 1218000000,	55.48,	 8.90
 1219000000,	55.47,	 8.77
 1220000000,	55.47,	 9.09
 1221000000,	55.47,	 8.88
 1222000000,	55.47,	 8.85
 1223000000,	55.47,	 9.01
 1224000000,	55.47,	 8.81
 1225000000,	55.47,	 8.98
 1226000000,	55.47,	 8.94
 1227000000,	55.47,	 8.94
 1228000000,	55.48,	 8.94
 1229000000,	55.48,	 9.00
 1230000000,	55.48,	 8.98
 1231000000,	55.49,	 9.03
 1232000000,	55.49,	 8.97
 1233000000,	55.50,	 9.08
 1234000000,	55.51,	 9.12
 1235000000,	55.52,	 9.10
 1236000000,	55.52,	 9.19
 1237000000,	55.52,	 8.94
 1238000000,	55.52,	 9.04
 1239000000,	55.53,	 9.01
 1240000000,	55.53,	 8.96
 1241000000,	55.53,	 9.06
 1242000000,	55.54,	 8.95
 1243000000,	55.54,	 9.00
 1244000000,	55.54,	 8.93
 1245000000,	55.55,	 9.11
 1246000000,	55.55,	 8.92
 1247000000,	55.56,	 9.11
 1248000000,	55.56,	 8.86
 1249000000,	55.57,	 9.06
 1250000000,	55.57,	 8.99
 1251000000,	55.58,	 9.03
 1252000000,	55.59,	 9.08
 1253000000,	55.59,	 8.99
 1254000000,	55.60,	 9.04
 1255000000,	55.61,	 9.10
 1256000000,	55.62,	 8.94
 1257000000,	55.63,	 8.91
 1258000000,	55.63,	 9.04
 1259000000,	55.64,	 8.92
 1260000000,	55.65,	 8.92
 1261000000,	55.66,	 8.81
 1262000000,	55.66,	 8.83
 1263000000,	55.67,	 8.84
 1264000000,	55.68,	 8.98
 1265000000,	55.69,	 8.87
 1266000000,	55.70,	 9.03
 1267000000,	55.71,	 8.83
 1268000000,	55.71,	 8.79
 1269000000,	55.72,	 8.81
 1270000000,	55.73,	 8.72
 1271000000,	55.74,	 8.74
 1272000000,	55.74,	 8.83
 1273000000,	55.75,	 8.72
 1274000000,	55.76,	 8.70
 1275000000,	55.76,	 8.70
 1276000000,	55.77,	 8.72
 1277000000,	55.77,	 8.73
 1278000000,	55.78,	 8.53
 1279000000,	55.79,	 8.68
 1280000000,	55.79,	 8.85
 1281000000,	55.79,	 8.71
 1282000000,	55.80,	 8.48
 1283000000,	55.80,	 8.40
 1284000000,	55.81,	 8.66
 1285000000,	55.81,	 8.41
 1286000000,	55.81,	 8.54
 1287000000,	55.81,	 8.48
 1288000000,	55.81,	 8.49
 1289000000,	55.81,	 8.46
 1290000000,	55.82,	 8.48
 1291000000,	55.82,	 8.58
 1292000000,	55.81,	 8.57
 1293000000,	55.81,	 8.44
 1294000000,	55.81,	 8.40
 1295000000,	55.81,	 8.42
 1296000000,	55.81,	 8.49
 1297000000,	55.80,	 8.33
 1298000000,	55.80,	 8.29
 1299000000,	55.79,	 8.39
 1300000000,	55.79,	 8.40
 1301000000,	55.78,	 8.31
 1302000000,	55.78,	 8.29
 1303000000,	55.77,	 8.46
 1304000000,	55.76,	 8.22
 1305000000,	55.75,	 8.20
 1306000000,	55.75,	 8.37
 1307000000,	55.74,	 8.16
 1308000000,	55.73,	 8.32
 1309000000,	55.73,	 8.23
 1310000000,	55.72,	 8.16
 1311000000,	55.71,	 8.38
 1312000000,	55.70,	 8.14
 1313000000,	55.69,	 8.32
 1314000000,	55.68,	 8.23
 1315000000,	55.67,	 8.27
 1316000000,	55.66,	 8.31
 1317000000,	55.65,	 8.30
 1318000000,	55.64,	 8.15
 1319000000,	55.63,	 8.24
 1320000000,	55.62,	 8.17
 1321000000,	55.61,	 8.12
 1322000000,	55.60,	 8.24
 1323000000,	55.59,	 8.14
 1324000000,	55.57,	 8.25
 1325000000,	55.57,	 8.24
 1326000000,	55.56,	 8.24
 1327000000,	55.55,	 8.11
 1328000000,	55.54,	 8.19
 1329000000,	55.53,	 8.21
 1330000000,	55.52,	 8.39
 1331000000,	55.51,	 8.29
 1332000000,	55.50,	 8.41
 1333000000,	55.49,	 8.30
 1334000000,	55.48,	 8.28
 1335000000,	55.47,	 8.33
 1336000000,	55.46,	 8.31
 1337000000,	55.45,	 8.26
 1338000000,	55.44,	 8.55
 1339000000,	55.43,	 8.37
 1340000000,	55.42,	 8.36
 1341000000,	55.41,	 8.35
 1342000000,	55.40,	 8.36
 1343000000,	55.39,	 8.41
 1344000000,	55.38,	 8.39
 1345000000,	55.38,	 8.59
 1346000000,	55.37,	 8.51
 1347000000,	55.36,	 8.56
 1348000000,	55.35,	 8.51
 1349000000,	55.35,	 8.55
 1350000000,	55.34,	 8.53
 1351000000,	55.34,	 8.70
 1352000000,	55.33,	 8.41
 1353000000,	55.33,	 8.61
 1354000000,	55.32,	 8.49
 1355000000,	55.32,	 8.54
 1356000000,	55.31,	 8.54
 1357000000,	55.31,	 8.42
 1358000000,	55.31,	 8.67
 1359000000,	55.31,	 8.58
 1360000000,	55.31,	 8.68
 1361000000,	55.31,	 8.69
 1362000000,	55.31,	 8.69
 1363000000,	55.30,	 8.59
 1364000000,	55.31,	 8.66
 1365000000,	55.31,	 8.76
 1366000000,	55.31,	 8.68
 1367000000,	55.31,	 8.65
 1368000000,	55.31,	 8.73
 1369000000,	55.32,	 8.89
 1370000000,	55.32,	 8.78
 1371000000,	55.32,	 8.77
 1372000000,	55.33,	 8.81
 1373000000,	55.33,	 8.83
 1374000000,	55.33,	 8.80
 1375000000,	55.34,	 8.86
 1376000000,	55.34,	 9.08
 1377000000,	55.35,	 8.80
 1378000000,	55.35,	 9.06
 1379000000,	55.36,	 8.98
 1380000000,	55.36,	 8.88
 1381000000,	55.37,	 8.87
 1382000000,	55.38,	 8.90
 1383000000,	55.39,	 9.00
 1384000000,	55.39,	 9.06
 1385000000,	55.40,	 8.98
 1386000000,	55.41,	 9.05
 1387000000,	55.41,	 9.06
 1388000000,	55.42,	 8.89
 1389000000,	55.43,	 9.01
 1390000000,	55.43,	 8.97
 1391000000,	55.44,	 8.92
 1392000000,	55.45,	 8.90
 1393000000,	55.46,	 8.97
 1394000000,	55.46,	 8.92
 1395000000,	55.47,	 8.87
 1396000000,	55.48,	 8.80
 1397000000,	55.49,	 8.90
 1398000000,	55.49,	 8.82
 1399000000,	55.50,	 8.81
 1400000000,	55.51,	 8.98
 1401000000,	55.52,	 8.84
 1402000000,	55.52,	 8.89
 1403000000,	55.53,	 9.06
 1404000000,	55.53,	 8.92
 1405000000,	55.53,	 8.74
 1406000000,	55.53,	 8.75
 1407000000,	55.53,	 8.83
 1408000000,	55.53,	 8.76
 1409000000,	55.52,	 8.76
 1410000000,	55.52,	 8.83
 1411000000,	55.52,	 8.79
 1412000000,	55.52,	 8.70
 1413000000,	55.52,	 8.94
 1414000000,	55.52,	 8.65
 1415000000,	55.52,	 8.74
 1416000000,	55.52,	 8.75
 1417000000,	55.53,	 8.86
 1418000000,	55.54,	 8.69
 1419000000,	55.55,	 8.69
 1420000000,	55.56,	 8.40
 1421000000,	55.57,	 8.38
 1422000000,	55.59,	 8.38
 1423000000,	55.60,	 8.60
 1424000000,	55.60,	 8.45
 1425000000,	55.61,	 8.54
 1426000000,	55.62,	 8.45
 1427000000,	55.62,	 8.65
 1428000000,	55.62,	 8.57
 1429000000,	55.62,	 8.62
 1430000000,	55.62,	 8.56
 1431000000,	55.61,	 8.63
 1432000000,	55.61,	 8.65
 1433000000,	55.60,	 8.69
 1434000000,	55.60,	 8.79
 1435000000,	55.59,	 8.79
 1436000000,	55.58,	 8.83
 1437000000,	55.58,	 8.78
 1438000000,	55.57,	 8.94
 1439000000,	55.56,	 8.99
 1440000000,	55.55,	 9.16
 1441000000,	55.54,	 9.24
 1442000000,	55.53,	 9.22
 1443000000,	55.52,	 9.21
 1444000000,	55.51,	 9.27
 1445000000,	55.50,	 9.33
 1446000000,	55.50,	 9.41
 1447000000,	55.49,	 9.36
 1448000000,	55.48,	 9.52
 1449000000,	55.47,	 9.49
 1450000000,	55.46,	 9.39
 1451000000,	55.45,	 9.50
 1452000000,	55.44,	 9.32
 1453000000,	55.43,	 9.58
 1454000000,	55.42,	 9.38
 1455000000,	55.41,	 9.38
 1456000000,	55.40,	 9.17
 1457000000,	55.40,	 9.29
 1458000000,	55.39,	 9.08
 1459000000,	55.37,	 8.96
 1460000000,	55.36,	 8.91
 1461000000,	55.35,	 9.11
 1462000000,	55.34,	 8.98
 1463000000,	55.33,	 8.89
 1464000000,	55.31,	 8.99
 1465000000,	55.30,	 8.95
 1466000000,	55.29,	 8.96
 1467000000,	55.28,	 8.99
 1468000000,	55.27,	 8.99
 1469000000,	55.25,	 9.06
 1470000000,	55.24,	 9.10
 1471000000,	55.23,	 9.03
 1472000000,	55.22,	 8.96
 1473000000,	55.21,	 9.30
 1474000000,	55.19,	 9.16
 1475000000,	55.18,	 9.17
 1476000000,	55.17,	 9.10
 1477000000,	55.16,	 9.16
 1478000000,	55.15,	 9.12
 1479000000,	55.14,	 9.21
 1480000000,	55.12,	 9.14
 1481000000,	55.11,	 9.53
 1482000000,	55.10,	 9.23
 1483000000,	55.08,	 9.22
 1484000000,	55.07,	 9.22
 1485000000,	55.06,	 9.26
 1486000000,	55.04,	 9.33
 1487000000,	55.03,	 9.22
 1488000000,	55.01,	 9.37
 1489000000,	55.00,	 9.43
 1490000000,	54.99,	 9.46
 1491000000,	54.98,	 9.25
 1492000000,	54.97,	 9.36
 1493000000,	54.96,	 9.45
 1494000000,	54.96,	 9.40
 1495000000,	54.95,	 9.56
 1496000000,	54.95,	 9.43
 1497000000,	54.94,	 9.60
 1498000000,	54.94,	 9.58
 1499000000,	54.93,	 9.61
 1500000000,	54.93,	 9.61
 1501000000,	54.92,	 9.63
 1502000000,	54.92,	 9.65
 1503000000,	54.91,	 9.60
 1504000000,	54.91,	 9.72
 1505000000,	54.91,	 9.75
 1506000000,	54.91,	 9.56
 1507000000,	54.90,	 9.59
 1508000000,	54.90,	 9.51
 1509000000,	54.91,	 9.64
 1510000000,	54.90,	 9.56
 1511000000,	54.90,	 9.73
 1512000000,	54.90,	 9.62
 1513000000,	54.90,	 9.64
 1514000000,	54.90,	 9.59
 1515000000,	54.90,	 9.61
 1516000000,	54.90,	 9.55
 1517000000,	54.90,	 9.61
 1518000000,	54.90,	 9.52
 1519000000,	54.90,	 9.67
 1520000000,	54.90,	 9.62
 1521000000,	54.90,	 9.57
 1522000000,	54.89,	 9.44
 1523000000,	54.89,	 9.68
 1524000000,	54.89,	 9.54
 1525000000,	54.89,	 9.60
 1526000000,	54.89,	 9.68
 1527000000,	54.89,	 9.45
 1528000000,	54.89,	 9.48
 1529000000,	54.89,	 9.56
 1530000000,	54.90,	 9.57
 1531000000,	54.90,	 9.52
 1532000000,	54.90,	 9.58
 1533000000,	54.90,	 9.61
 1534000000,	54.90,	 9.61
 1535000000,	54.90,	 9.64
 1536000000,	54.90,	 9.56
 1537000000,	54.90,	 9.36
 1538000000,	54.91,	 9.41
 1539000000,	54.91,	 9.49
 1540000000,	54.91,	 9.45
 1541000000,	54.91,	 9.39
 1542000000,	54.91,	 9.37
 1543000000,	54.91,	 9.44
 1544000000,	54.92,	 9.36
 1545000000,	54.92,	 9.33
 1546000000,	54.92,	 9.32
 1547000000,	54.92,	 9.28
 1548000000,	54.92,	 9.23
 1549000000,	54.92,	 9.36
 1550000000,	54.93,	 9.22
 1551000000,	54.93,	 9.15
 1552000000,	54.93,	 9.19
 1553000000,	54.93,	 9.14
 1554000000,	54.93,	 9.10
 1555000000,	54.93,	 9.02
 1556000000,	54.93,	 8.98
 1557000000,	54.93,	 9.19
 1558000000,	54.94,	 9.12
 1559000000,	54.94,	 8.87
 1560000000,	54.94,	 9.01
 1561000000,	54.94,	 8.96
 1562000000,	54.94,	 8.96
 1563000000,	54.93,	 8.82
 1564000000,	54.93,	 8.79
 1565000000,	54.93,	 8.97
 1566000000,	54.93,	 8.82
 1567000000,	54.93,	 8.80
 1568000000,	54.92,	 8.83
 1569000000,	54.92,	 8.91
 1570000000,	54.92,	 8.91
 1571000000,	54.92,	 8.97
 1572000000,	54.91,	 8.97
 1573000000,	54.91,	 8.83
 1574000000,	54.90,	 8.89
 1575000000,	54.90,	 8.90
 1576000000,	54.89,	 8.84
 1577000000,	54.89,	 8.92
 1578000000,	54.88,	 8.97
 1579000000,	54.86,	 8.95
 1580000000,	54.86,	 8.93
 1581000000,	54.85,	 8.87
 1582000000,	54.84,	 8.72
 1583000000,	54.83,	 8.98
 1584000000,	54.82,	 8.99
 1585000000,	54.81,	 9.01
 1586000000,	54.80,	 8.91
 1587000000,	54.79,	 8.82
 1588000000,	54.78,	 9.07
 1589000000,	54.77,	 9.09
 1590000000,	54.76,	 9.07
 1591000000,	54.75,	 9.07
 1592000000,	54.74,	 9.15
 1593000000,	54.73,	 9.22
 1594000000,	54.72,	 9.23
 1595000000,	54.70,	 9.05
 1596000000,	54.69,	 9.11
 1597000000,	54.68,	 9.23
 1598000000,	54.66,	 9.19
 1599000000,	54.65,	 9.23
 1600000000,	54.63,	 9.27
 1601000000,	54.62,	 9.25
 1602000000,	54.60,	 9.36
 1603000000,	54.59,	 9.27
 1604000000,	54.57,	 9.48
 1605000000,	54.56,	 9.59
 1606000000,	54.54,	 9.54
 1607000000,	54.52,	 9.46
 1608000000,	54.51,	 9.48
 1609000000,	54.49,	 9.57
 1610000000,	54.48,	 9.52
 1611000000,	54.46,	 9.61
 1612000000,	54.44,	 9.39
 1613000000,	54.43,	 9.68
 1614000000,	54.41,	 9.58
 1615000000,	54.39,	 9.73
 1616000000,	54.38,	 9.69
 1617000000,	54.36,	 9.74
 1618000000,	54.34,	 9.84
 1619000000,	54.32,	 9.96
 1620000000,	54.30,	 9.94
 1621000000,	54.29,	 9.93
 1622000000,	54.27,	10.03
 1623000000,	54.25,	 9.99
 1624000000,	54.24,	 9.94
 1625000000,	54.22,	 9.98
 1626000000,	54.20,	10.12
 1627000000,	54.18,	10.25
 1628000000,	54.16,	10.13
 1629000000,	54.15,	10.30
 1630000000,	54.13,	10.44
 1631000000,	54.11,	10.45
 1632000000,	54.10,	10.59
 1633000000,	54.09,	10.68
 1634000000,	54.08,	10.66
 1635000000,	54.07,	10.71
 1636000000,	54.07,	10.76
 1637000000,	54.06,	10.77
 1638000000,	54.06,	10.64
 1639000000,	54.05,	10.45
 1640000000,	54.04,	10.61
 1641000000,	54.04,	10.50
 1642000000,	54.03,	10.45
 1643000000,	54.02,	10.47
 1644000000,	54.01,	10.36
 1645000000,	54.00,	10.55
 1646000000,	53.99,	10.44
 1647000000,	53.98,	10.49
 1648000000,	53.97,	10.38
 1649000000,	53.96,	10.38
 1650000000,	53.95,	10.49
 1651000000,	53.94,	10.46
 1652000000,	53.93,	10.63
 1653000000,	53.92,	10.44
 1654000000,	53.91,	10.60
 1655000000,	53.91,	10.64
 1656000000,	53.90,	10.81
 1657000000,	53.89,	10.76
 1658000000,	53.89,	10.68
 1659000000,	53.88,	10.81
 1660000000,	53.88,	10.86
 1661000000,	53.87,	10.76
 1662000000,	53.87,	10.80
 1663000000,	53.87,	10.85
 1664000000,	53.86,	10.81
 1665000000,	53.87,	10.93
 1666000000,	53.86,	11.03
 1667000000,	53.86,	10.90
 1668000000,	53.86,	11.00
 1669000000,	53.86,	11.15
 1670000000,	53.86,	11.18
