% f (Hz),G_rec (dB),T_e_rec (K)
  900000000,	55.38,	 6.96
  901000000,	55.37,	 7.28
  902000000,	55.36,	 7.02
  903000000,	55.35,	 7.20
  904000000,	55.34,	 7.13
  905000000,	55.32,	 6.99
  906000000,	55.31,	 7.02
  907000000,	55.29,	 7.10
  908000000,	55.28,	 7.04
  909000000,	55.27,	 7.22
  910000000,	55.25,	 7.01
  911000000,	55.23,	 7.15
  912000000,	55.21,	 7.09
  913000000,	55.20,	 7.00
  914000000,	55.18,	 7.11
  915000000,	55.16,	 7.20
  916000000,	55.14,	 7.15
  917000000,	55.12,	 6.91
  918000000,	55.10,	 7.15
  919000000,	55.08,	 6.95
  920000000,	55.06,	 7.27
  921000000,	55.05,	 7.15
  922000000,	55.03,	 7.24
  923000000,	55.01,	 7.08
  924000000,	54.99,	 7.24
  925000000,	54.97,	 7.32
  926000000,	54.94,	 7.21
  927000000,	54.92,	 7.06
  928000000,	54.90,	 7.36
  929000000,	54.88,	 7.33
  930000000,	54.86,	 7.10
  931000000,	54.84,	 7.13
  932000000,	54.82,	 7.32
  933000000,	54.80,	 7.42
  934000000,	54.78,	 7.30
  935000000,	54.77,	 7.24
  936000000,	54.75,	 7.24
  937000000,	54.74,	 7.47
  938000000,	54.73,	 7.36
  939000000,	54.71,	 7.39
  940000000,	54.69,	 7.45
  941000000,	54.67,	 7.40
  942000000,	54.64,	 7.32
  943000000,	54.62,	 7.36
  944000000,	54.60,	 7.39
  945000000,	54.58,	 7.27
  946000000,	54.56,	 7.39
  947000000,	54.54,	 7.34
  948000000,	54.53,	 7.38
  949000000,	54.51,	 7.28
  950000000,	54.49,	 7.50
  951000000,	54.47,	 7.44
  952000000,	54.45,	 7.37
  953000000,	54.44,	 7.46
  954000000,	54.42,	 7.42
  955000000,	54.40,	 7.31
  956000000,	54.38,	 7.44
  957000000,	54.36,	 7.38
  958000000,	54.34,	 7.38
  959000000,	54.33,	 7.44
  960000000,	54.31,	 7.53
  961000000,	54.30,	 7.53
  962000000,	54.28,	 7.33
  963000000,	54.28,	 7.23
  964000000,	54.27,	 7.24
  965000000,	54.26,	 7.48
  966000000,	54.25,	 7.39
  967000000,	54.25,	 7.29
  968000000,	54.24,	 7.19
  969000000,	54.24,	 7.33
  970000000,	54.23,	 7.36
  971000000,	54.23,	 7.37
  972000000,	54.22,	 7.23
  973000000,	54.22,	 7.45
  974000000,	54.22,	 7.29
  975000000,	54.22,	 7.27
  976000000,	54.22,	 7.33
  977000000,	54.22,	 7.44
  978000000,	54.22,	 7.37
  979000000,	54.22,	 7.36
  980000000,	54.22,	 7.29
  981000000,	54.22,	 7.44
  982000000,	54.22,	 7.40
  983000000,	54.22,	 7.36
  984000000,	54.23,	 7.25
  985000000,	54.24,	 7.32
  986000000,	54.24,	 7.39
  987000000,	54.25,	 7.51
  988000000,	54.25,	 7.39
  989000000,	54.26,	 7.63
  990000000,	54.26,	 7.34
  991000000,	54.26,	 7.57
  992000000,	54.27,	 7.47
  993000000,	54.28,	 7.32
  994000000,	54.28,	 7.41
  995000000,	54.29,	 7.52
  996000000,	54.30,	 7.38
  997000000,	54.31,	 7.56
  998000000,	54.31,	 7.49
  999000000,	54.32,	 7.39
 1000000000,	54.34,	 7.48
 1001000000,	54.34,	 7.41
 1002000000,	54.35,	 7.56
 1003000000,	54.36,	 7.68
 1004000000,	54.36,	 7.65
 1005000000,	54.37,	 7.85
 1006000000,	54.38,	 7.44
 1007000000,	54.38,	 7.64
 1008000000,	54.39,	 7.69
 1009000000,	54.39,	 7.69
 1010000000,	54.40,	 7.76
 1011000000,	54.41,	 7.91
 1012000000,	54.41,	 7.69
 1013000000,	54.41,	 7.79
 1014000000,	54.42,	 7.75
 1015000000,	54.42,	 7.91
 1016000000,	54.43,	 7.78
 1017000000,	54.43,	 7.96
 1018000000,	54.43,	 7.83
 1019000000,	54.43,	 7.86
 1020000000,	54.43,	 7.86
 1021000000,	54.43,	 7.95
 1022000000,	54.43,	 7.95
 1023000000,	54.43,	 7.98
 1024000000,	54.43,	 7.79
 1025000000,	54.43,	 7.81
 1026000000,	54.42,	 7.93
 1027000000,	54.42,	 8.19
 1028000000,	54.41,	 8.13
 1029000000,	54.41,	 8.07
 1030000000,	54.40,	 8.07
 1031000000,	54.39,	 8.12
 1032000000,	54.38,	 8.01
 1033000000,	54.37,	 8.01
 1034000000,	54.36,	 8.14
 1035000000,	54.36,	 8.12
 1036000000,	54.35,	 8.07
 1037000000,	54.34,	 8.42
 1038000000,	54.33,	 8.08
 1039000000,	54.32,	 8.18
 1040000000,	54.31,	 8.20
 1041000000,	54.30,	 8.21
 1042000000,	54.28,	 8.17
 1043000000,	54.27,	 8.19
 1044000000,	54.26,	 8.18
 1045000000,	54.25,	 8.39
 1046000000,	54.24,	 8.42
 1047000000,	54.23,	 8.37
 1048000000,	54.22,	 8.25
 1049000000,	54.21,	 8.43
 1050000000,	54.19,	 8.37
 1051000000,	54.18,	 8.28
 1052000000,	54.17,	 8.48
 1053000000,	54.16,	 8.44
 1054000000,	54.15,	 8.27
 1055000000,	54.13,	 8.58
 1056000000,	54.12,	 8.44
 1057000000,	54.11,	 8.36
 1058000000,	54.10,	 8.41
 1059000000,	54.09,	 8.36
 1060000000,	54.08,	 8.55
 1061000000,	54.07,	 8.52
 1062000000,	54.06,	 8.59
 1063000000,	54.05,	 8.32
 1064000000,	54.05,	 8.38
 1065000000,	54.04,	 8.53
 1066000000,	54.03,	 8.32
 1067000000,	54.02,	 8.40
 1068000000,	54.02,	 8.44
 1069000000,	54.01,	 8.53
 1070000000,	54.00,	 8.43
 1071000000,	54.00,	 8.49
 1072000000,	54.00,	 8.53
 1073000000,	53.99,	 8.56
 1074000000,	53.99,	 8.41
 1075000000,	53.99,	 8.40
 1076000000,	53.98,	 8.44
 1077000000,	53.98,	 8.58
 1078000000,	53.97,	 8.56
 1079000000,	53.97,	 8.55
 1080000000,	53.97,	 8.65
 1081000000,	53.97,	 8.32
 1082000000,	53.97,	 8.71
 1083000000,	53.97,	 8.46
 1084000000,	53.97,	 8.62
 1085000000,	53.97,	 8.54
 1086000000,	53.97,	 8.44
 1087000000,	53.97,	 8.56
 1088000000,	53.97,	 8.56
 1089000000,	53.97,	 8.62
 1090000000,	53.98,	 8.50
 1091000000,	53.98,	 8.50
 1092000000,	53.99,	 8.70
 1093000000,	53.98,	 8.50
 1094000000,	53.99,	 8.43
 1095000000,	54.00,	 8.54
 1096000000,	54.00,	 8.49
 1097000000,	54.00,	 8.72
 1098000000,	54.01,	 8.76
 1099000000,	54.01,	 8.37
 1100000000,	54.02,	 8.76
 1101000000,	54.03,	 8.53
 1102000000,	54.03,	 8.68
 1103000000,	54.04,	 8.59
 1104000000,	54.05,	 8.76
 1105000000,	54.06,	 8.57
 1106000000,	54.06,	 8.57
 1107000000,	54.07,	 8.65
 1108000000,	54.08,	 8.67
 1109000000,	54.08,	 8.60
 1110000000,	54.09,	 8.64
 1111000000,	54.10,	 8.69
 1112000000,	54.11,	 8.57
 1113000000,	54.11,	 8.72
 1114000000,	54.13,	 8.53
 1115000000,	54.13,	 8.77
 1116000000,	54.13,	 8.64
 1117000000,	54.14,	 8.83
 1118000000,	54.15,	 8.66
 1119000000,	54.15,	 8.62
 1120000000,	54.16,	 8.51
 1121000000,	54.16,	 8.71
 1122000000,	54.17,	 8.63
 1123000000,	54.17,	 8.82
 1124000000,	54.18,	 8.56
 1125000000,	54.18,	 8.83
 1126000000,	54.19,	 8.68
 1127000000,	54.19,	 8.67
 1128000000,	54.20,	 8.70
 1129000000,	54.20,	 8.66
 1130000000,	54.20,	 8.66
 1131000000,	54.21,	 8.63
 1132000000,	54.21,	 8.88
 1133000000,	54.21,	 8.82
 1134000000,	54.21,	 8.71
 1135000000,	54.22,	 8.63
 1136000000,	54.22,	 8.76
 1137000000,	54.22,	 8.86
 1138000000,	54.22,	 8.74
 1139000000,	54.22,	 8.81
 1140000000,	54.22,	 8.56
 1141000000,	54.22,	 8.78
 1142000000,	54.21,	 8.86
 1143000000,	54.21,	 8.94
 1144000000,	54.21,	 8.70
 1145000000,	54.21,	 8.75
 1146000000,	54.21,	 8.88
 1147000000,	54.21,	 8.95
 1148000000,	54.20,	 8.93
 1149000000,	54.19,	 8.72
 1150000000,	54.19,	 8.83
 1151000000,	54.19,	 8.91
 1152000000,	54.19,	 8.92
 1153000000,	54.19,	 8.79
 1154000000,	54.18,	 8.87
 1155000000,	54.18,	 8.97
 1156000000,	54.18,	 9.05
 1157000000,	54.17,	 8.85
 1158000000,	54.16,	 8.99
 1159000000,	54.16,	 9.01
 1160000000,	54.16,	 8.87
 1161000000,	54.15,	 9.02
 1162000000,	54.14,	 8.95
 1163000000,	54.14,	 8.87
 1164000000,	54.13,	 8.87
 1165000000,	54.13,	 8.90
 1166000000,	54.13,	 8.92
 1167000000,	54.14,	 9.07
 1168000000,	54.14,	 8.95
 1169000000,	54.13,	 9.02
 1170000000,	54.13,	 8.86
 1171000000,	54.13,	 9.01
 1172000000,	54.13,	 8.97
 1173000000,	54.13,	 9.08
 1174000000,	54.12,	 8.87
 1175000000,	54.12,	 9.10
 1176000000,	54.11,	 9.07
 1177000000,	54.10,	 9.11
 1178000000,	54.09,	 8.98
 1179000000,	54.08,	 9.01
 1180000000,	54.09,	 9.14
 1181000000,	54.08,	 9.03
 1182000000,	54.09,	 9.08
 1183000000,	54.09,	 8.90
 1184000000,	54.09,	 9.11
 1185000000,	54.09,	 9.05
 1186000000,	54.10,	 9.03
 1187000000,	54.10,	 9.16
 1188000000,	54.10,	 8.87
 1189000000,	54.10,	 9.03
 1190000000,	54.12,	 9.18
 1191000000,	54.12,	 9.11
 1192000000,	54.12,	 8.91
 1193000000,	54.13,	 9.14
 1194000000,	54.13,	 9.10
 1195000000,	54.14,	 8.97
 1196000000,	54.15,	 9.10
 1197000000,	54.16,	 9.05
 1198000000,	54.17,	 9.06
 1199000000,	54.18,	 8.99
 1200000000,	54.18,	 8.92
 1201000000,	54.19,	 9.07
 1202000000,	54.20,	 9.09
 1203000000,	54.21,	 9.03
 1204000000,	54.21,	 9.11
 1205000000,	54.22,	 8.92
 1206000000,	54.23,	 8.96
 1207000000,	54.24,	 9.01
 1208000000,	54.25,	 9.08
 1209000000,	54.26,	 8.95
 1210000000,	54.27,	 8.95
 1211000000,	54.29,	 8.87
 1212000000,	54.30,	 8.72
 1213000000,	54.31,	 9.13
 1214000000,	54.33,	 8.87
 1215000000,	54.34,	 8.95
 1216000000,	54.36,	 8.84
 1217000000,	54.37,	 8.83
 1218000000,	54.39,	 8.86
 1219000000,	54.40,	 8.86
 1220000000,	54.41,	 8.78
 1221000000,	54.42,	 9.00
 1222000000,	54.43,	 8.70
 1223000000,	54.44,	 8.89
 1224000000,	54.45,	 8.74
 1225000000,	54.47,	 8.85
 1226000000,	54.48,	 8.78
 1227000000,	54.49,	 8.77
 1228000000,	54.50,	 8.64
 1229000000,	54.52,	 8.80
 1230000000,	54.53,	 8.76
 1231000000,	54.55,	 8.78
 1232000000,	54.56,	 8.72
 1233000000,	54.57,	 8.69
 1234000000,	54.58,	 8.65
 1235000000,	54.60,	 8.60
 1236000000,	54.61,	 8.71
 1237000000,	54.62,	 8.56
 1238000000,	54.63,	 8.79
 1239000000,	54.64,	 8.53
 1240000000,	54.66,	 8.56
 1241000000,	54.66,	 8.54
 1242000000,	54.67,	 8.75
 1243000000,	54.68,	 8.71
 1244000000,	54.69,	 8.72
 1245000000,	54.69,	 8.57
 1246000000,	54.70,	 8.68
 1247000000,	54.71,	 8.62
 1248000000,	54.71,	 8.66
 1249000000,	54.73,	 8.74
 1250000000,	54.73,	 8.66
 1251000000,	54.73,	 8.71
 1252000000,	54.73,	 8.48
 1253000000,	54.73,	 8.58
 1254000000,	54.73,	 8.57
 1255000000,	54.74,	 8.39
 1256000000,	54.74,	 8.55
 1257000000,	54.75,	 8.53
 1258000000,	54.75,	 8.57
 1259000000,	54.75,	 8.64
 1260000000,	54.75,	 8.56
 1261000000,	54.75,	 8.64
 1262000000,	54.74,	 8.53
 1263000000,	54.75,	 8.73
 1264000000,	54.74,	 8.43
 1265000000,	54.74,	 8.66
 1266000000,	54.74,	 8.53
 1267000000,	54.73,	 8.64
 1268000000,	54.73,	 8.56
 1269000000,	54.73,	 8.61
 1270000000,	54.73,	 8.85
 1271000000,	54.72,	 8.55
 1272000000,	54.71,	 8.68
 1273000000,	54.71,	 8.68
 1274000000,	54.71,	 8.59
 1275000000,	54.70,	 8.60
 1276000000,	54.70,	 8.59
 1277000000,	54.69,	 8.52
 1278000000,	54.68,	 8.54
 1279000000,	54.68,	 8.60
 1280000000,	54.67,	 8.59
 1281000000,	54.66,	 8.55
 1282000000,	54.66,	 8.66
 1283000000,	54.65,	 8.66
 1284000000,	54.64,	 8.62
 1285000000,	54.64,	 8.62
 1286000000,	54.63,	 8.60
 1287000000,	54.63,	 8.48
 1288000000,	54.62,	 8.51
 1289000000,	54.61,	 8.68
 1290000000,	54.61,	 8.81
 1291000000,	54.60,	 8.59
 1292000000,	54.59,	 8.62
 1293000000,	54.59,	 8.82
 1294000000,	54.58,	 8.62
 1295000000,	54.58,	 8.80
 1296000000,	54.57,	 8.75
 1297000000,	54.57,	 8.61
 1298000000,	54.57,	 8.71
 1299000000,	54.56,	 8.64
 1300000000,	54.56,	 8.70
 1301000000,	54.55,	 8.67
 1302000000,	54.54,	 8.64
 1303000000,	54.54,	 8.70
 1304000000,	54.54,	 8.63
 1305000000,	54.53,	 8.55
 1306000000,	54.53,	 8.57
 1307000000,	54.52,	 8.62
 1308000000,	54.53,	 8.71
 1309000000,	54.52,	 8.63
 1310000000,	54.52,	 8.72
 1311000000,	54.52,	 8.69
 1312000000,	54.51,	 8.75
 1313000000,	54.51,	 8.53
 1314000000,	54.50,	 8.58
 1315000000,	54.50,	 8.74
 1316000000,	54.50,	 8.65
 1317000000,	54.50,	 8.70
 1318000000,	54.50,	 8.73
 1319000000,	54.49,	 8.70
 1320000000,	54.49,	 8.81
 1321000000,	54.48,	 8.67
 1322000000,	54.48,	 8.74
 1323000000,	54.47,	 8.64
 1324000000,	54.47,	 8.58
 1325000000,	54.47,	 8.65
 1326000000,	54.47,	 8.55
 1327000000,	54.47,	 8.57
 1328000000,	54.48,	 8.62
 1329000000,	54.48,	 8.61
 1330000000,	54.48,	 8.48
 1331000000,	54.49,	 8.54
 1332000000,	54.49,	 8.65
 1333000000,	54.50,	 8.75
 1334000000,	54.50,	 8.69
 1335000000,	54.51,	 8.54
 1336000000,	54.51,	 8.33
 1337000000,	54.52,	 8.60
 1338000000,	54.53,	 8.55
 1339000000,	54.54,	 8.39
 1340000000,	54.55,	 8.41
 1341000000,	54.55,	 8.57
 1342000000,	54.56,	 8.50
 1343000000,	54.57,	 8.37
 1344000000,	54.58,	 8.59
 1345000000,	54.58,	 8.59
 1346000000,	54.59,	 8.72
 1347000000,	54.60,	 8.59
 1348000000,	54.60,	 8.53
 1349000000,	54.61,	 8.53
 1350000000,	54.61,	 8.62
 1351000000,	54.62,	 8.56
 1352000000,	54.62,	 8.55
 1353000000,	54.63,	 8.70
 1354000000,	54.63,	 8.76
 1355000000,	54.64,	 8.60
 1356000000,	54.65,	 8.75
 1357000000,	54.65,	 8.67
 1358000000,	54.65,	 8.65
 1359000000,	54.66,	 8.57
 1360000000,	54.66,	 8.89
 1361000000,	54.67,	 8.89
 1362000000,	54.68,	 8.77
 1363000000,	54.68,	 8.74
 1364000000,	54.69,	 8.66
 1365000000,	54.69,	 8.80
 1366000000,	54.70,	 8.82
 1367000000,	54.70,	 8.97
 1368000000,	54.70,	 8.71
 1369000000,	54.71,	 8.72
 1370000000,	54.71,	 8.87
 1371000000,	54.71,	 8.99
 1372000000,	54.71,	 9.02
 1373000000,	54.72,	 8.92
 1374000000,	54.72,	 8.95
 1375000000,	54.73,	 9.02
 1376000000,	54.73,	 9.05
 1377000000,	54.74,	 8.96
 1378000000,	54.73,	 8.95
 1379000000,	54.73,	 8.97
 1380000000,	54.73,	 9.00
 1381000000,	54.73,	 9.05
 1382000000,	54.73,	 9.18
 1383000000,	54.73,	 8.99
 1384000000,	54.72,	 9.28
 1385000000,	54.71,	 9.35
 1386000000,	54.71,	 9.21
 1387000000,	54.70,	 9.23
 1388000000,	54.69,	 9.42
 1389000000,	54.68,	 9.56
 1390000000,	54.67,	 9.46
 1391000000,	54.66,	 9.47
 1392000000,	54.65,	 9.48
 1393000000,	54.64,	 9.49
 1394000000,	54.62,	 9.79
 1395000000,	54.61,	 9.79
 1396000000,	54.60,	 9.76
 1397000000,	54.58,	 9.81
 1398000000,	54.56,	 9.92
 1399000000,	54.54,	 9.91
 1400000000,	54.52,	10.03
 1401000000,	54.50,	10.36
 1402000000,	54.48,	10.63
 1403000000,	54.46,	10.59
 1404000000,	54.43,	10.66
 1405000000,	54.41,	10.70
 1406000000,	54.38,	10.88
 1407000000,	54.36,	10.99
 1408000000,	54.34,	11.06
 1409000000,	54.32,	11.41
 1410000000,	54.30,	11.37
 1411000000,	54.29,	11.49
 1412000000,	54.27,	11.49
 1413000000,	54.27,	11.52
 1414000000,	54.27,	11.61
 1415000000,	54.27,	11.58
 1416000000,	54.27,	11.18
 1417000000,	54.28,	11.22
 1418000000,	54.28,	11.22
 1419000000,	54.28,	11.20
 1420000000,	54.28,	11.12
 1421000000,	54.27,	11.01
 1422000000,	54.26,	10.95
 1423000000,	54.25,	10.95
 1424000000,	54.24,	10.83
 1425000000,	54.22,	10.88
 1426000000,	54.20,	10.76
 1427000000,	54.19,	10.79
 1428000000,	54.17,	10.72
 1429000000,	54.15,	10.72
 1430000000,	54.13,	10.78
 1431000000,	54.12,	10.67
 1432000000,	54.11,	10.69
 1433000000,	54.10,	10.68
 1434000000,	54.09,	10.70
 1435000000,	54.09,	10.72
 1436000000,	54.08,	10.71
 1437000000,	54.08,	10.88
 1438000000,	54.07,	10.75
 1439000000,	54.07,	10.72
 1440000000,	54.06,	11.01
 1441000000,	54.05,	10.89
 1442000000,	54.05,	10.95
 1443000000,	54.05,	10.84
 1444000000,	54.04,	10.95
 1445000000,	54.04,	11.00
 1446000000,	54.04,	10.94
 1447000000,	54.03,	10.82
 1448000000,	54.03,	10.90
 1449000000,	54.03,	10.87
 1450000000,	54.03,	10.78
 1451000000,	54.03,	10.79
 1452000000,	54.04,	10.63
 1453000000,	54.04,	10.62
 1454000000,	54.04,	10.60
 1455000000,	54.04,	10.50
 1456000000,	54.05,	10.41
 1457000000,	54.05,	10.46
 1458000000,	54.05,	10.29
 1459000000,	54.06,	10.18
 1460000000,	54.06,	10.20
 1461000000,	54.06,	10.14
 1462000000,	54.06,	10.15
 1463000000,	54.07,	10.22
 1464000000,	54.07,	10.03
 1465000000,	54.07,	10.02
 1466000000,	54.07,	10.23
 1467000000,	54.08,	10.01
 1468000000,	54.08,	 9.97
 1469000000,	54.08,	 9.88
 1470000000,	54.08,	10.09
 1471000000,	54.09,	10.03
 1472000000,	54.09,	10.07
 1473000000,	54.10,	 9.76
 1474000000,	54.10,	 9.85
 1475000000,	54.11,	 9.74
 1476000000,	54.12,	 9.68
 1477000000,	54.13,	 9.75
 1478000000,	54.14,	 9.76
 1479000000,	54.15,	 9.82
 1480000000,	54.16,	 9.84
 1481000000,	54.17,	 9.72
 1482000000,	54.19,	 9.65
 1483000000,	54.20,	 9.61
 1484000000,	54.21,	 9.81
 1485000000,	54.23,	 9.56
 1486000000,	54.24,	 9.54
 1487000000,	54.26,	 9.72
 1488000000,	54.27,	 9.52
 1489000000,	54.28,	 9.55
 1490000000,	54.30,	 9.58
 1491000000,	54.31,	 9.57
 1492000000,	54.32,	 9.34
 1493000000,	54.34,	 9.34
 1494000000,	54.36,	 9.47
 1495000000,	54.37,	 9.46
 1496000000,	54.39,	 9.42
 1497000000,	54.40,	 9.44
 1498000000,	54.42,	 9.32
 1499000000,	54.44,	 9.29
 1500000000,	54.46,	 9.40
 1501000000,	54.47,	 9.19
 1502000000,	54.49,	 9.32
 1503000000,	54.50,	 9.30
 1504000000,	54.51,	 9.15
 1505000000,	54.53,	 9.17
 1506000000,	54.55,	 9.11
 1507000000,	54.56,	 9.07
 1508000000,	54.58,	 9.14
 1509000000,	54.59,	 9.07
 1510000000,	54.61,	 9.12
 1511000000,	54.62,	 9.12
 1512000000,	54.63,	 9.09
 1513000000,	54.65,	 9.24
 1514000000,	54.66,	 8.99
 1515000000,	54.67,	 9.15
 1516000000,	54.68,	 8.87
 1517000000,	54.69,	 9.07
 1518000000,	54.70,	 8.93
 1519000000,	54.72,	 9.01
 1520000000,	54.72,	 8.99
 1521000000,	54.73,	 9.03
 1522000000,	54.74,	 8.99
 1523000000,	54.74,	 8.94
 1524000000,	54.75,	 9.05
 1525000000,	54.76,	 8.95
 1526000000,	54.76,	 9.03
 1527000000,	54.77,	 9.11
 1528000000,	54.78,	 9.06
 1529000000,	54.78,	 9.02
 1530000000,	54.78,	 8.89
 1531000000,	54.79,	 9.13
 1532000000,	54.79,	 8.97
 1533000000,	54.79,	 9.04
 1534000000,	54.79,	 9.09
 1535000000,	54.79,	 9.06
 1536000000,	54.80,	 8.99
 1537000000,	54.80,	 9.09
 1538000000,	54.79,	 9.02
 1539000000,	54.79,	 9.09
 1540000000,	54.79,	 9.12
 1541000000,	54.79,	 8.95
 1542000000,	54.78,	 9.07
 1543000000,	54.78,	 9.19
 1544000000,	54.78,	 9.04
 1545000000,	54.77,	 9.15
 1546000000,	54.77,	 9.16
 1547000000,	54.76,	 8.99
 1548000000,	54.76,	 9.13
 1549000000,	54.75,	 9.14
 1550000000,	54.74,	 9.03
 1551000000,	54.73,	 9.11
 1552000000,	54.72,	 9.19
 1553000000,	54.71,	 9.07
 1554000000,	54.70,	 9.24
 1555000000,	54.70,	 9.32
 1556000000,	54.69,	 9.24
 1557000000,	54.69,	 9.09
 1558000000,	54.67,	 9.20
 1559000000,	54.66,	 9.37
 1560000000,	54.65,	 9.25
 1561000000,	54.64,	 9.25
 1562000000,	54.63,	 9.20
 1563000000,	54.63,	 9.30
 1564000000,	54.61,	 9.18
 1565000000,	54.61,	 9.35
 1566000000,	54.59,	 9.24
 1567000000,	54.58,	 9.27
 1568000000,	54.57,	 9.33
 1569000000,	54.56,	 9.18
 1570000000,	54.54,	 9.31
 1571000000,	54.53,	 9.35
 1572000000,	54.51,	 9.13
 1573000000,	54.50,	 9.36
 1574000000,	54.49,	 9.33
 1575000000,	54.48,	 9.27
 1576000000,	54.47,	 9.32
 1577000000,	54.46,	 9.42
 1578000000,	54.45,	 9.47
 1579000000,	54.44,	 9.32
 1580000000,	54.43,	 9.53
 1581000000,	54.42,	 9.54
 1582000000,	54.40,	 9.43
 1583000000,	54.40,	 9.38
 1584000000,	54.39,	 9.52
 1585000000,	54.37,	 9.39
 1586000000,	54.36,	 9.40
 1587000000,	54.35,	 9.43
 1588000000,	54.34,	 9.26
 1589000000,	54.33,	 9.51
 1590000000,	54.32,	 9.53
 1591000000,	54.31,	 9.29
 1592000000,	54.30,	 9.48
 1593000000,	54.29,	 9.33
 1594000000,	54.28,	 9.55
 1595000000,	54.27,	 9.50
 1596000000,	54.27,	 9.36
 1597000000,	54.26,	 9.34
 1598000000,	54.25,	 9.19
 1599000000,	54.24,	 9.48
 1600000000,	54.23,	 9.38
 1601000000,	54.23,	 9.31
 1602000000,	54.22,	 9.32
 1603000000,	54.22,	 9.27
 1604000000,	54.21,	 9.19
 1605000000,	54.21,	 9.23
 1606000000,	54.21,	 9.26
 1607000000,	54.20,	 9.25
 1608000000,	54.19,	 9.24
 1609000000,	54.19,	 9.32
 1610000000,	54.19,	 9.37
 1611000000,	54.18,	 9.30
 1612000000,	54.17,	 9.24
 1613000000,	54.17,	 9.44
 1614000000,	54.17,	 9.30
 1615000000,	54.17,	 9.43
 1616000000,	54.16,	 9.32
 1617000000,	54.16,	 9.27
 1618000000,	54.16,	 9.46
 1619000000,	54.16,	 9.27
 1620000000,	54.16,	 9.22
 1621000000,	54.15,	 9.32
 1622000000,	54.15,	 9.35
 1623000000,	54.15,	 9.29
 1624000000,	54.15,	 9.46
 1625000000,	54.15,	 9.31
 1626000000,	54.15,	 9.34
 1627000000,	54.14,	 9.44
 1628000000,	54.14,	 9.44
 1629000000,	54.14,	 9.32
 1630000000,	54.14,	 9.31
 1631000000,	54.14,	 9.65
 1632000000,	54.14,	 9.43
 1633000000,	54.15,	 9.47
 1634000000,	54.15,	 9.36
 1635000000,	54.15,	 9.38
 1636000000,	54.15,	 9.36
 1637000000,	54.15,	 9.35
 1638000000,	54.16,	 9.31
 1639000000,	54.16,	 9.37
 1640000000,	54.16,	 9.38
 1641000000,	54.16,	 9.28
 1642000000,	54.17,	 9.35
 1643000000,	54.17,	 9.26
 1644000000,	54.17,	 9.48
 1645000000,	54.17,	 9.33
 1646000000,	54.18,	 9.43
 1647000000,	54.18,	 9.23
 1648000000,	54.18,	 9.23
 1649000000,	54.18,	 9.39
 1650000000,	54.18,	 9.31
 1651000000,	54.18,	 9.38
 1652000000,	54.18,	 9.41
 1653000000,	54.19,	 9.31
 1654000000,	54.19,	 9.42
 1655000000,	54.19,	 9.24
 1656000000,	54.19,	 9.35
 1657000000,	54.19,	 9.36
 1658000000,	54.19,	 9.37
 1659000000,	54.19,	 9.31
 1660000000,	54.18,	 9.38
 1661000000,	54.18,	 9.46
 1662000000,	54.18,	 9.56
 1663000000,	54.18,	 9.57
 1664000000,	54.17,	 9.43
 1665000000,	54.17,	 9.71
 1666000000,	54.17,	 9.75
 1667000000,	54.16,	 9.67
 1668000000,	54.16,	 9.69
 1669000000,	54.16,	 9.64
 1670000000,	54.15,	 9.97
