% f (Hz),G_rec (dB),T_e_rec (K)
 900000000,  56.77,   8.85
 901000000,  56.75,   8.91
 902000000,  56.73,   8.94
 903000000,  56.71,   8.97
 904000000,  56.67,   8.91
 905000000,  56.66,   8.89
 906000000,  56.64,   8.82
 907000000,  56.62,   8.70
 908000000,  56.60,   8.72
 909000000,  56.59,   8.73
 910000000,  56.57,   8.73
 911000000,  56.55,   8.66
 912000000,  56.54,   8.58
 913000000,  56.53,   8.51
 914000000,  56.52,   8.53
 915000000,  56.50,   8.56
 916000000,  56.50,   8.58
 917000000,  56.49,   8.43
 918000000,  56.48,   8.34
 919000000,  56.48,   8.45
 920000000,  56.47,   8.43
 921000000,  56.46,   8.44
 922000000,  56.46,   8.40
 923000000,  56.46,   8.33
 924000000,  56.45,   8.32
 925000000,  56.46,   8.29
 926000000,  56.45,   8.32
 927000000,  56.46,   8.29
 928000000,  56.46,   8.25
 929000000,  56.46,   8.28
 930000000,  56.46,   8.26
 931000000,  56.46,   8.31
 932000000,  56.48,   8.28
 933000000,  56.47,   8.25
 934000000,  56.48,   8.31
 935000000,  56.49,   8.34
 936000000,  56.49,   8.32
 937000000,  56.49,   8.27
 938000000,  56.50,   8.24
 939000000,  56.50,   8.22
 940000000,  56.50,   8.29
 941000000,  56.51,   8.32
 942000000,  56.52,   8.28
 943000000,  56.52,   8.29
 944000000,  56.52,   8.26
 945000000,  56.52,   8.22
 946000000,  56.52,   8.24
 947000000,  56.52,   8.15
 948000000,  56.51,   8.17
 949000000,  56.52,   8.25
 950000000,  56.52,   8.22
 951000000,  56.52,   8.19
 952000000,  56.52,   8.31
 953000000,  56.51,   8.26
 954000000,  56.50,   8.12
 955000000,  56.50,   8.15
 956000000,  56.50,   8.06
 957000000,  56.49,   8.02
 958000000,  56.49,   8.17
 959000000,  56.48,   8.13
 960000000,  56.47,   7.99
 961000000,  56.46,   8.04
 962000000,  56.45,   8.02
 963000000,  56.44,   7.93
 964000000,  56.43,   7.90
 965000000,  56.42,   7.97
 966000000,  56.41,   7.91
 967000000,  56.39,   7.90
 968000000,  56.38,   8.07
 969000000,  56.37,   8.02
 970000000,  56.36,   7.92
 971000000,  56.34,   7.97
 972000000,  56.33,   7.95
 973000000,  56.32,   7.88
 974000000,  56.29,   7.89
 975000000,  56.29,   7.89
 976000000,  56.27,   7.87
 977000000,  56.25,   7.85
 978000000,  56.24,   7.84
 979000000,  56.22,   7.80
 980000000,  56.21,   7.82
 981000000,  56.19,   7.86
 982000000,  56.17,   7.89
 983000000,  56.16,   7.77
 984000000,  56.13,   7.75
 985000000,  56.13,   7.80
 986000000,  56.11,   7.80
 987000000,  56.09,   7.84
 988000000,  56.09,   7.80
 989000000,  56.07,   7.88
 990000000,  56.06,   7.84
 991000000,  56.05,   7.97
 992000000,  56.04,   8.00
 993000000,  56.04,   7.92
 994000000,  56.03,   7.93
 995000000,  56.02,   8.00
 996000000,  56.02,   7.96
 997000000,  56.01,   7.95
 998000000,  56.01,   7.94
 999000000,  56.01,   7.99
1000000000,  56.00,   8.05
1001000000,  56.00,   7.95
1002000000,  56.00,   7.93
1003000000,  56.00,   8.06
1004000000,  56.00,   8.10
1005000000,  55.99,   8.17
1006000000,  56.00,   8.07
1007000000,  56.00,   8.03
1008000000,  56.02,   8.05
1009000000,  56.02,   8.02
1010000000,  56.01,   8.12
1011000000,  56.04,   8.09
1012000000,  56.03,   8.10
1013000000,  56.04,   8.18
1014000000,  56.05,   8.18
1015000000,  56.04,   8.20
1016000000,  56.04,   8.18
1017000000,  56.05,   8.24
1018000000,  56.07,   8.28
1019000000,  56.06,   8.32
1020000000,  56.07,   8.28
1021000000,  56.08,   8.33
1022000000,  56.08,   8.35
1023000000,  56.09,   8.39
1024000000,  56.10,   8.33
1025000000,  56.11,   8.36
1026000000,  56.12,   8.32
1027000000,  56.13,   8.32
1028000000,  56.13,   8.36
1029000000,  56.15,   8.35
1030000000,  56.16,   8.44
1031000000,  56.17,   8.42
1032000000,  56.18,   8.26
1033000000,  56.18,   8.44
1034000000,  56.19,   8.56
1035000000,  56.20,   8.39
1036000000,  56.21,   8.36
1037000000,  56.21,   8.35
1038000000,  56.23,   8.44
1039000000,  56.23,   8.43
1040000000,  56.24,   8.37
1041000000,  56.25,   8.42
1042000000,  56.26,   8.43
1043000000,  56.26,   8.38
1044000000,  56.27,   8.38
1045000000,  56.28,   8.30
1046000000,  56.27,   8.45
1047000000,  56.28,   8.40
1048000000,  56.28,   8.28
1049000000,  56.29,   8.35
1050000000,  56.28,   8.41
1051000000,  56.29,   8.33
1052000000,  56.28,   8.30
1053000000,  56.30,   8.23
1054000000,  56.29,   8.43
1055000000,  56.30,   8.23
1056000000,  56.29,   8.24
1057000000,  56.30,   8.32
1058000000,  56.30,   8.31
1059000000,  56.30,   8.41
1060000000,  56.29,   8.24
1061000000,  56.30,   8.27
1062000000,  56.30,   8.34
1063000000,  56.29,   8.34
1064000000,  56.29,   8.33
1065000000,  56.29,   8.20
1066000000,  56.29,   8.24
1067000000,  56.29,   8.28
1068000000,  56.29,   8.26
1069000000,  56.28,   8.22
1070000000,  56.28,   8.22
1071000000,  56.27,   8.32
1072000000,  56.26,   8.22
1073000000,  56.26,   8.29
1074000000,  56.25,   8.24
1075000000,  56.26,   8.26
1076000000,  56.24,   8.27
1077000000,  56.23,   8.29
1078000000,  56.23,   8.27
1079000000,  56.23,   8.20
1080000000,  56.22,   8.25
1081000000,  56.22,   8.35
1082000000,  56.21,   8.34
1083000000,  56.21,   8.22
1084000000,  56.20,   8.33
1085000000,  56.19,   8.39
1086000000,  56.19,   8.35
1087000000,  56.18,   8.35
1088000000,  56.19,   8.36
1089000000,  56.19,   8.42
1090000000,  56.18,   8.39
1091000000,  56.17,   8.40
1092000000,  56.17,   8.41
1093000000,  56.16,   8.34
1094000000,  56.17,   8.41
1095000000,  56.16,   8.41
1096000000,  56.15,   8.52
1097000000,  56.17,   8.52
1098000000,  56.16,   8.56
1099000000,  56.16,   8.45
1100000000,  56.16,   8.43
1101000000,  56.16,   8.44
1102000000,  56.16,   8.45
1103000000,  56.16,   8.52
1104000000,  56.17,   8.49
1105000000,  56.16,   8.54
1106000000,  56.17,   8.64
1107000000,  56.17,   8.47
1108000000,  56.18,   8.55
1109000000,  56.19,   8.49
1110000000,  56.19,   8.47
1111000000,  56.20,   8.60
1112000000,  56.21,   8.67
1113000000,  56.21,   8.56
1114000000,  56.21,   8.61
1115000000,  56.23,   8.62
1116000000,  56.24,   8.56
1117000000,  56.25,   8.71
1118000000,  56.26,   8.57
1119000000,  56.27,   8.60
1120000000,  56.28,   8.64
1121000000,  56.29,   8.76
1122000000,  56.30,   8.62
1123000000,  56.31,   8.81
1124000000,  56.32,   8.73
1125000000,  56.34,   8.81
1126000000,  56.36,   8.72
1127000000,  56.37,   8.71
1128000000,  56.39,   8.81
1129000000,  56.40,   8.78
1130000000,  56.40,   8.75
1131000000,  56.42,   8.71
1132000000,  56.44,   8.64
1133000000,  56.45,   8.70
1134000000,  56.46,   8.68
1135000000,  56.49,   8.63
1136000000,  56.50,   8.66
1137000000,  56.51,   8.76
1138000000,  56.53,   8.70
1139000000,  56.53,   8.75
1140000000,  56.55,   8.75
1141000000,  56.57,   8.66
1142000000,  56.58,   8.78
1143000000,  56.61,   8.81
1144000000,  56.62,   8.71
1145000000,  56.63,   8.72
1146000000,  56.64,   8.72
1147000000,  56.65,   8.89
1148000000,  56.66,   8.69
1149000000,  56.67,   8.58
1150000000,  56.68,   8.67
1151000000,  56.69,   8.69
1152000000,  56.69,   8.65
1153000000,  56.70,   8.65
1154000000,  56.74,   8.67
1155000000,  56.74,   8.57
1156000000,  56.76,   8.56
1157000000,  56.77,   8.65
1158000000,  56.78,   8.57
1159000000,  56.79,   8.52
1160000000,  56.80,   8.48
1161000000,  56.80,   8.55
1162000000,  56.81,   8.47
1163000000,  56.82,   8.54
1164000000,  56.82,   8.55
1165000000,  56.83,   8.55
1166000000,  56.82,   8.44
1167000000,  56.83,   8.34
1168000000,  56.83,   8.49
1169000000,  56.83,   8.57
1170000000,  56.83,   8.47
1171000000,  56.84,   8.39
1172000000,  56.84,   8.41
1173000000,  56.84,   8.43
1174000000,  56.84,   8.43
1175000000,  56.84,   8.35
1176000000,  56.84,   8.35
1177000000,  56.84,   8.36
1178000000,  56.84,   8.27
1179000000,  56.84,   8.48
1180000000,  56.83,   8.57
1181000000,  56.83,   8.50
1182000000,  56.82,   8.46
1183000000,  56.83,   8.37
1184000000,  56.82,   8.39
1185000000,  56.81,   8.55
1186000000,  56.81,   8.41
1187000000,  56.78,   8.40
1188000000,  56.78,   8.37
1189000000,  56.78,   8.39
1190000000,  56.77,   8.40
1191000000,  56.76,   8.41
1192000000,  56.76,   8.50
1193000000,  56.74,   8.36
1194000000,  56.74,   8.37
1195000000,  56.73,   8.36
1196000000,  56.73,   8.45
1197000000,  56.71,   8.43
1198000000,  56.70,   8.54
1199000000,  56.71,   8.41
1200000000,  56.68,   8.48
1201000000,  56.69,   8.54
1202000000,  56.68,   8.52
1203000000,  56.68,   8.49
1204000000,  56.67,   8.45
1205000000,  56.67,   8.62
1206000000,  56.66,   8.40
1207000000,  56.65,   8.40
1208000000,  56.64,   8.54
1209000000,  56.64,   8.61
1210000000,  56.64,   8.44
1211000000,  56.63,   8.59
1212000000,  56.63,   8.51
1213000000,  56.62,   8.54
1214000000,  56.61,   8.58
1215000000,  56.61,   8.57
1216000000,  56.60,   8.54
1217000000,  56.60,   8.47
1218000000,  56.59,   8.62
1219000000,  56.60,   8.68
1220000000,  56.60,   8.68
1221000000,  56.59,   8.62
1222000000,  56.59,   8.78
1223000000,  56.59,   8.79
1224000000,  56.58,   8.70
1225000000,  56.59,   8.72
1226000000,  56.59,   8.77
1227000000,  56.59,   8.78
1228000000,  56.58,   8.69
1229000000,  56.58,   8.75
1230000000,  56.60,   8.85
1231000000,  56.60,   8.85
1232000000,  56.59,   8.81
1233000000,  56.61,   8.73
1234000000,  56.61,   8.90
1235000000,  56.62,   8.90
1236000000,  56.63,   8.84
1237000000,  56.63,   8.92
1238000000,  56.64,   8.99
1239000000,  56.65,   8.89
1240000000,  56.66,   8.90
1241000000,  56.67,   8.87
1242000000,  56.68,   8.99
1243000000,  56.69,   9.01
1244000000,  56.69,   9.01
1245000000,  56.70,   8.91
1246000000,  56.72,   8.95
1247000000,  56.73,   8.99
1248000000,  56.74,   9.05
1249000000,  56.76,   8.93
1250000000,  56.76,   8.93
1251000000,  56.77,   9.21
1252000000,  56.78,   9.02
1253000000,  56.79,   9.02
1254000000,  56.81,   9.09
1255000000,  56.83,   9.10
1256000000,  56.84,   8.99
1257000000,  56.84,   9.06
1258000000,  56.85,   9.04
1259000000,  56.87,   9.20
1260000000,  56.88,   9.08
1261000000,  56.90,   9.07
1262000000,  56.90,   9.05
1263000000,  56.92,   9.12
1264000000,  56.93,   9.16
1265000000,  56.95,   9.01
1266000000,  56.97,   9.10
1267000000,  56.97,   9.02
1268000000,  56.99,   9.20
1269000000,  57.01,   9.10
1270000000,  57.01,   9.04
1271000000,  57.04,   9.15
1272000000,  57.05,   9.01
1273000000,  57.06,   9.16
1274000000,  57.08,   9.18
1275000000,  57.10,   9.20
1276000000,  57.11,   9.06
1277000000,  57.11,   8.97
1278000000,  57.13,   9.02
1279000000,  57.14,   9.03
1280000000,  57.15,   8.99
1281000000,  57.16,   8.96
1282000000,  57.18,   9.04
1283000000,  57.18,   9.01
1284000000,  57.19,   9.13
1285000000,  57.19,   8.98
1286000000,  57.20,   8.90
1287000000,  57.22,   8.84
1288000000,  57.23,   8.86
1289000000,  57.24,   8.89
1290000000,  57.24,   8.98
1291000000,  57.26,   8.86
1292000000,  57.26,   8.76
1293000000,  57.25,   8.79
1294000000,  57.28,   8.66
1295000000,  57.28,   8.67
1296000000,  57.28,   8.60
1297000000,  57.28,   8.69
1298000000,  57.29,   8.58
1299000000,  57.29,   8.70
1300000000,  57.31,   8.76
1301000000,  57.30,   8.61
1302000000,  57.30,   8.35
1303000000,  57.31,   8.44
1304000000,  57.31,   8.58
1305000000,  57.32,   8.45
1306000000,  57.30,   8.39
1307000000,  57.31,   8.48
1308000000,  57.31,   8.48
1309000000,  57.30,   8.49
1310000000,  57.32,   8.38
1311000000,  57.30,   8.37
1312000000,  57.31,   8.40
1313000000,  57.31,   8.22
1314000000,  57.30,   8.38
1315000000,  57.30,   8.34
1316000000,  57.30,   8.31
1317000000,  57.29,   8.27
1318000000,  57.29,   8.26
1319000000,  57.30,   8.31
1320000000,  57.29,   8.32
1321000000,  57.28,   8.20
1322000000,  57.27,   8.08
1323000000,  57.28,   8.14
1324000000,  57.27,   8.26
1325000000,  57.26,   8.29
1326000000,  57.26,   8.25
1327000000,  57.26,   8.29
1328000000,  57.26,   8.18
1329000000,  57.25,   8.29
1330000000,  57.23,   8.22
1331000000,  57.23,   8.25
1332000000,  57.22,   8.14
1333000000,  57.22,   8.15
1334000000,  57.21,   8.17
1335000000,  57.20,   8.16
1336000000,  57.19,   8.12
1337000000,  57.18,   8.22
1338000000,  57.17,   8.23
1339000000,  57.16,   8.23
1340000000,  57.15,   8.19
1341000000,  57.15,   8.20
1342000000,  57.15,   8.26
1343000000,  57.13,   8.03
1344000000,  57.13,   8.33
1345000000,  57.13,   8.33
1346000000,  57.12,   8.27
1347000000,  57.12,   8.38
1348000000,  57.09,   8.31
1349000000,  57.10,   8.26
1350000000,  57.09,   8.30
1351000000,  57.09,   8.29
1352000000,  57.09,   8.27
1353000000,  57.09,   8.20
1354000000,  57.08,   8.33
1355000000,  57.07,   8.29
1356000000,  57.07,   8.39
1357000000,  57.08,   8.37
1358000000,  57.06,   8.24
1359000000,  57.06,   8.30
1360000000,  57.06,   8.42
1361000000,  57.07,   8.44
1362000000,  57.06,   8.43
1363000000,  57.05,   8.23
1364000000,  57.05,   8.33
1365000000,  57.05,   8.48
1366000000,  57.06,   8.34
1367000000,  57.05,   8.33
1368000000,  57.05,   8.34
1369000000,  57.04,   8.35
1370000000,  57.05,   8.24
1371000000,  57.05,   8.41
1372000000,  57.05,   8.51
1373000000,  57.05,   8.48
1374000000,  57.06,   8.55
1375000000,  57.06,   8.61
1376000000,  57.06,   8.55
1377000000,  57.08,   8.61
1378000000,  57.08,   8.64
1379000000,  57.08,   8.67
1380000000,  57.09,   8.82
1381000000,  57.10,   8.60
1382000000,  57.10,   8.65
1383000000,  57.10,   8.72
1384000000,  57.11,   8.71
1385000000,  57.12,   8.79
1386000000,  57.13,   8.66
1387000000,  57.11,   8.67
1388000000,  57.13,   8.79
1389000000,  57.14,   8.81
1390000000,  57.13,   8.81
1391000000,  57.15,   8.77
1392000000,  57.14,   8.80
1393000000,  57.15,   8.91
1394000000,  57.16,   8.88
1395000000,  57.16,   8.98
1396000000,  57.16,   8.92
1397000000,  57.16,   8.99
1398000000,  57.16,   9.06
1399000000,  57.16,   9.19
1400000000,  57.17,   9.21
1401000000,  57.18,   9.21
1402000000,  57.17,   9.40
1403000000,  57.17,   9.51
1404000000,  57.17,   9.74
1405000000,  57.17,   9.67
1406000000,  57.16,  10.07
1407000000,  57.16,  10.03
1408000000,  57.17,  10.08
1409000000,  57.17,  10.09
1410000000,  57.17,  10.12
1411000000,  57.17,  10.11
1412000000,  57.19,  10.31
1413000000,  57.19,  10.10
1414000000,  57.20,  10.10
1415000000,  57.21,  10.03
1416000000,  57.22,   9.93
1417000000,  57.22,   9.95
1418000000,  57.23,   9.89
1419000000,  57.23,   9.82
1420000000,  57.23,   9.80
1421000000,  57.24,   9.90
1422000000,  57.24,   9.75
1423000000,  57.25,   9.61
1424000000,  57.25,   9.58
1425000000,  57.25,   9.59
1426000000,  57.25,   9.72
1427000000,  57.25,   9.67
1428000000,  57.25,   9.75
1429000000,  57.25,   9.70
1430000000,  57.25,   9.69
1431000000,  57.25,   9.78
1432000000,  57.25,   9.88
1433000000,  57.24,  10.03
1434000000,  57.25,   9.86
1435000000,  57.24,   9.96
1436000000,  57.24,   9.85
1437000000,  57.24,   9.80
1438000000,  57.24,   9.94
1439000000,  57.24,  10.11
1440000000,  57.24,  10.03
1441000000,  57.24,  10.04
1442000000,  57.25,  10.10
1443000000,  57.23,   9.92
1444000000,  57.24,   9.84
1445000000,  57.24,   9.92
1446000000,  57.24,   9.96
1447000000,  57.23,   9.72
1448000000,  57.23,   9.85
1449000000,  57.24,   9.69
1450000000,  57.23,   9.66
1451000000,  57.23,   9.78
1452000000,  57.23,   9.59
1453000000,  57.22,   9.67
1454000000,  57.22,   9.54
1455000000,  57.22,   9.63
1456000000,  57.21,   9.51
1457000000,  57.21,   9.41
1458000000,  57.20,   9.44
1459000000,  57.20,   9.51
1460000000,  57.20,   9.45
1461000000,  57.20,   9.42
1462000000,  57.19,   9.33
1463000000,  57.19,   9.28
1464000000,  57.18,   9.30
1465000000,  57.18,   9.29
1466000000,  57.17,   9.36
1467000000,  57.16,   9.43
1468000000,  57.17,   9.32
1469000000,  57.16,   9.35
1470000000,  57.15,   9.39
1471000000,  57.14,   9.39
1472000000,  57.14,   9.31
1473000000,  57.14,   9.34
1474000000,  57.14,   9.30
1475000000,  57.13,   9.40
1476000000,  57.12,   9.43
1477000000,  57.13,   9.51
1478000000,  57.11,   9.50
1479000000,  57.11,   9.47
1480000000,  57.11,   9.41
1481000000,  57.11,   9.41
1482000000,  57.11,   9.52
1483000000,  57.11,   9.47
1484000000,  57.10,   9.43
1485000000,  57.10,   9.46
1486000000,  57.10,   9.51
1487000000,  57.09,   9.58
1488000000,  57.10,   9.43
1489000000,  57.08,   9.38
1490000000,  57.08,   9.48
1491000000,  57.09,   9.51
1492000000,  57.08,   9.43
1493000000,  57.09,   9.39
1494000000,  57.08,   9.44
1495000000,  57.08,   9.47
1496000000,  57.08,   9.52
1497000000,  57.08,   9.34
1498000000,  57.08,   9.39
1499000000,  57.08,   9.35
1500000000,  57.07,   9.50
1501000000,  57.07,   9.49
1502000000,  57.08,   9.34
1503000000,  57.07,   9.45
1504000000,  57.07,   9.50
1505000000,  57.07,   9.52
1506000000,  57.07,   9.52
1507000000,  57.08,   9.52
1508000000,  57.09,   9.42
1509000000,  57.07,   9.57
1510000000,  57.08,   9.49
1511000000,  57.08,   9.46
1512000000,  57.09,   9.44
1513000000,  57.08,   9.51
1514000000,  57.08,   9.62
1515000000,  57.08,   9.59
1516000000,  57.08,   9.75
1517000000,  57.09,   9.51
1518000000,  57.08,   9.62
1519000000,  57.08,   9.66
1520000000,  57.08,   9.62
1521000000,  57.08,   9.73
1522000000,  57.08,   9.70
1523000000,  57.08,   9.67
1524000000,  57.08,   9.64
1525000000,  57.08,   9.70
1526000000,  57.08,   9.62
1527000000,  57.08,   9.56
1528000000,  57.08,   9.61
1529000000,  57.08,   9.65
1530000000,  57.07,   9.66
1531000000,  57.08,   9.73
1532000000,  57.08,   9.68
1533000000,  57.07,   9.51
1534000000,  57.07,   9.49
1535000000,  57.07,   9.57
1536000000,  57.07,   9.59
1537000000,  57.07,   9.49
1538000000,  57.07,   9.46
1539000000,  57.06,   9.42
1540000000,  57.06,   9.38
1541000000,  57.06,   9.46
1542000000,  57.06,   9.51
1543000000,  57.05,   9.44
1544000000,  57.05,   9.32
1545000000,  57.04,   9.34
1546000000,  57.04,   9.34
1547000000,  57.04,   9.34
1548000000,  57.03,   9.30
1549000000,  57.03,   9.27
1550000000,  57.03,   9.25
1551000000,  57.02,   9.24
1552000000,  57.00,   9.30
1553000000,  57.01,   9.39
1554000000,  57.00,   9.49
1555000000,  57.00,   9.27
1556000000,  56.99,   9.17
1557000000,  56.99,   9.33
1558000000,  56.98,   9.28
1559000000,  56.98,   9.15
1560000000,  56.97,   9.17
1561000000,  56.96,   9.16
1562000000,  56.95,   9.18
1563000000,  56.94,   9.14
1564000000,  56.93,   9.21
1565000000,  56.92,   9.19
1566000000,  56.91,   9.13
1567000000,  56.89,   9.19
1568000000,  56.88,   9.11
1569000000,  56.89,   9.17
1570000000,  56.86,   9.13
1571000000,  56.83,   9.04
1572000000,  56.83,   9.15
1573000000,  56.82,   9.13
1574000000,  56.80,   9.19
1575000000,  56.78,   9.21
1576000000,  56.78,   8.99
1577000000,  56.76,   9.07
1578000000,  56.75,   9.18
1579000000,  56.74,   9.28
1580000000,  56.73,   9.19
1581000000,  56.71,   9.10
1582000000,  56.70,   9.13
1583000000,  56.68,   9.17
1584000000,  56.68,   9.11
1585000000,  56.67,   9.18
1586000000,  56.66,   9.22
1587000000,  56.65,   9.15
1588000000,  56.64,   9.11
1589000000,  56.62,   9.20
1590000000,  56.61,   9.25
1591000000,  56.60,   9.19
1592000000,  56.58,   9.21
1593000000,  56.57,   9.33
1594000000,  56.56,   9.40
1595000000,  56.55,   9.31
1596000000,  56.54,   9.30
1597000000,  56.53,   9.25
1598000000,  56.52,   9.34
1599000000,  56.50,   9.35
1600000000,  56.51,   9.21
1601000000,  56.49,   9.21
1602000000,  56.47,   9.29
1603000000,  56.46,   9.35
1604000000,  56.46,   9.27
1605000000,  56.45,   9.26
1606000000,  56.43,   9.40
1607000000,  56.42,   9.37
1608000000,  56.41,   9.28
1609000000,  56.40,   9.37
1610000000,  56.38,   9.40
1611000000,  56.38,   9.42
1612000000,  56.36,   9.37
1613000000,  56.35,   9.46
1614000000,  56.34,   9.43
1615000000,  56.33,   9.40
1616000000,  56.31,   9.44
1617000000,  56.30,   9.43
1618000000,  56.29,   9.48
1619000000,  56.29,   9.53
1620000000,  56.27,   9.66
1621000000,  56.25,   9.67
1622000000,  56.25,   9.63
1623000000,  56.24,   9.58
1624000000,  56.23,   9.59
1625000000,  56.23,   9.62
1626000000,  56.22,   9.60
1627000000,  56.21,   9.52
1628000000,  56.20,   9.50
1629000000,  56.18,   9.55
1630000000,  56.18,   9.60
1631000000,  56.18,   9.62
1632000000,  56.16,   9.62
1633000000,  56.16,   9.66
1634000000,  56.14,   9.55
1635000000,  56.13,   9.51
1636000000,  56.13,   9.62
1637000000,  56.12,   9.64
1638000000,  56.11,   9.58
1639000000,  56.10,   9.57
1640000000,  56.09,   9.63
1641000000,  56.09,   9.61
1642000000,  56.07,   9.57
1643000000,  56.06,   9.68
1644000000,  56.05,   9.71
1645000000,  56.03,   9.69
1646000000,  56.04,   9.67
1647000000,  56.03,   9.60
1648000000,  56.01,   9.66
1649000000,  56.01,   9.68
1650000000,  56.01,   9.66
1651000000,  56.00,   9.72
1652000000,  55.99,   9.74
1653000000,  55.98,   9.66
1654000000,  55.98,   9.62
1655000000,  55.97,   9.66
1656000000,  55.95,   9.65
1657000000,  55.95,   9.68
1658000000,  55.95,   9.74
1659000000,  55.94,   9.82
1660000000,  55.93,   9.89
1661000000,  55.93,   9.88
1662000000,  55.93,   9.85
1663000000,  55.93,   9.86
1664000000,  55.92,   9.92
1665000000,  55.93,   9.96
1666000000,  55.92,  10.01
1667000000,  55.92,  10.11
1668000000,  55.92,  10.15
1669000000,  55.92,  10.21
1670000000,  55.91,  10.36
