% f (Hz),G_rec (dB),T_e_rec (K)
  900000000,	55.06,	 7.18
  901000000,	55.06,	 7.21
  902000000,	55.06,	 7.22
  903000000,	55.05,	 7.22
  904000000,	55.04,	 7.12
  905000000,	55.04,	 6.99
  906000000,	55.04,	 7.12
  907000000,	55.03,	 7.21
  908000000,	55.03,	 6.98
  909000000,	55.03,	 7.20
  910000000,	55.02,	 7.14
  911000000,	55.02,	 7.04
  912000000,	55.02,	 7.12
  913000000,	55.02,	 7.03
  914000000,	55.02,	 7.10
  915000000,	55.01,	 7.09
  916000000,	55.02,	 7.10
  917000000,	55.02,	 7.09
  918000000,	55.02,	 7.16
  919000000,	55.02,	 7.16
  920000000,	55.02,	 7.05
  921000000,	55.02,	 7.22
  922000000,	55.02,	 7.03
  923000000,	55.02,	 7.00
  924000000,	55.02,	 7.08
  925000000,	55.02,	 7.10
  926000000,	55.02,	 7.24
  927000000,	55.02,	 7.05
  928000000,	55.02,	 7.03
  929000000,	55.02,	 6.97
  930000000,	55.02,	 7.20
  931000000,	55.01,	 7.11
  932000000,	55.01,	 7.07
  933000000,	55.01,	 7.21
  934000000,	55.00,	 7.15
  935000000,	55.00,	 7.22
  936000000,	54.99,	 7.08
  937000000,	54.98,	 7.00
  938000000,	54.98,	 7.24
  939000000,	54.97,	 7.05
  940000000,	54.97,	 7.11
  941000000,	54.96,	 7.06
  942000000,	54.95,	 7.16
  943000000,	54.94,	 7.23
  944000000,	54.93,	 7.22
  945000000,	54.93,	 7.12
  946000000,	54.92,	 7.18
  947000000,	54.91,	 6.94
  948000000,	54.90,	 6.96
  949000000,	54.89,	 7.27
  950000000,	54.89,	 7.11
  951000000,	54.87,	 7.09
  952000000,	54.86,	 7.05
  953000000,	54.85,	 7.33
  954000000,	54.84,	 6.94
  955000000,	54.82,	 7.00
  956000000,	54.81,	 7.03
  957000000,	54.80,	 7.00
  958000000,	54.78,	 7.10
  959000000,	54.77,	 7.00
  960000000,	54.75,	 6.95
  961000000,	54.73,	 7.24
  962000000,	54.71,	 7.20
  963000000,	54.69,	 7.09
  964000000,	54.68,	 7.22
  965000000,	54.66,	 7.06
  966000000,	54.64,	 7.04
  967000000,	54.62,	 7.08
  968000000,	54.60,	 7.20
  969000000,	54.59,	 7.14
  970000000,	54.57,	 7.17
  971000000,	54.56,	 7.17
  972000000,	54.54,	 7.26
  973000000,	54.53,	 7.38
  974000000,	54.51,	 7.13
  975000000,	54.50,	 7.06
  976000000,	54.49,	 7.33
  977000000,	54.48,	 7.06
  978000000,	54.46,	 7.24
  979000000,	54.45,	 7.37
  980000000,	54.44,	 7.19
  981000000,	54.43,	 7.23
  982000000,	54.42,	 7.27
  983000000,	54.41,	 7.33
  984000000,	54.41,	 7.24
  985000000,	54.41,	 7.24
  986000000,	54.40,	 7.27
  987000000,	54.39,	 7.13
  988000000,	54.39,	 7.36
  989000000,	54.38,	 7.51
  990000000,	54.38,	 7.19
  991000000,	54.37,	 7.28
  992000000,	54.37,	 7.44
  993000000,	54.37,	 7.45
  994000000,	54.36,	 7.42
  995000000,	54.37,	 7.29
  996000000,	54.37,	 7.34
  997000000,	54.37,	 7.40
  998000000,	54.37,	 7.54
  999000000,	54.37,	 7.54
 1000000000,	54.37,	 7.42
 1001000000,	54.38,	 7.51
 1002000000,	54.38,	 7.49
 1003000000,	54.38,	 7.68
 1004000000,	54.38,	 7.58
 1005000000,	54.39,	 7.74
 1006000000,	54.39,	 7.71
 1007000000,	54.39,	 7.66
 1008000000,	54.39,	 7.63
 1009000000,	54.40,	 7.73
 1010000000,	54.41,	 7.74
 1011000000,	54.42,	 7.68
 1012000000,	54.43,	 7.81
 1013000000,	54.44,	 7.82
 1014000000,	54.45,	 7.83
 1015000000,	54.46,	 7.72
 1016000000,	54.47,	 7.86
 1017000000,	54.48,	 7.80
 1018000000,	54.50,	 7.85
 1019000000,	54.51,	 7.72
 1020000000,	54.52,	 7.97
 1021000000,	54.53,	 7.85
 1022000000,	54.54,	 7.69
 1023000000,	54.55,	 7.91
 1024000000,	54.56,	 7.88
 1025000000,	54.57,	 7.80
 1026000000,	54.59,	 7.80
 1027000000,	54.60,	 7.86
 1028000000,	54.61,	 7.92
 1029000000,	54.62,	 7.91
 1030000000,	54.63,	 8.00
 1031000000,	54.64,	 7.94
 1032000000,	54.65,	 7.97
 1033000000,	54.66,	 8.06
 1034000000,	54.67,	 8.03
 1035000000,	54.67,	 7.84
 1036000000,	54.69,	 7.88
 1037000000,	54.70,	 8.00
 1038000000,	54.70,	 7.89
 1039000000,	54.71,	 8.12
 1040000000,	54.72,	 8.09
 1041000000,	54.72,	 8.05
 1042000000,	54.73,	 7.97
 1043000000,	54.74,	 8.19
 1044000000,	54.74,	 8.10
 1045000000,	54.75,	 8.10
 1046000000,	54.75,	 8.21
 1047000000,	54.75,	 8.15
 1048000000,	54.76,	 8.34
 1049000000,	54.76,	 8.14
 1050000000,	54.76,	 8.22
 1051000000,	54.77,	 8.01
 1052000000,	54.77,	 8.22
 1053000000,	54.77,	 8.18
 1054000000,	54.77,	 8.04
 1055000000,	54.77,	 8.14
 1056000000,	54.77,	 8.19
 1057000000,	54.77,	 8.17
 1058000000,	54.77,	 8.08
 1059000000,	54.77,	 8.20
 1060000000,	54.76,	 8.20
 1061000000,	54.76,	 8.13
 1062000000,	54.75,	 8.38
 1063000000,	54.75,	 8.12
 1064000000,	54.75,	 8.07
 1065000000,	54.74,	 8.14
 1066000000,	54.73,	 8.23
 1067000000,	54.73,	 8.43
 1068000000,	54.73,	 8.22
 1069000000,	54.72,	 8.12
 1070000000,	54.72,	 8.37
 1071000000,	54.71,	 8.20
 1072000000,	54.71,	 8.16
 1073000000,	54.70,	 8.27
 1074000000,	54.70,	 8.22
 1075000000,	54.69,	 8.16
 1076000000,	54.68,	 8.15
 1077000000,	54.68,	 8.29
 1078000000,	54.67,	 8.25
 1079000000,	54.67,	 8.36
 1080000000,	54.66,	 8.13
 1081000000,	54.66,	 8.12
 1082000000,	54.65,	 8.15
 1083000000,	54.65,	 8.29
 1084000000,	54.64,	 8.15
 1085000000,	54.64,	 8.22
 1086000000,	54.63,	 8.39
 1087000000,	54.64,	 8.26
 1088000000,	54.63,	 8.32
 1089000000,	54.63,	 8.15
 1090000000,	54.63,	 8.35
 1091000000,	54.62,	 8.19
 1092000000,	54.62,	 8.22
 1093000000,	54.62,	 8.33
 1094000000,	54.62,	 8.22
 1095000000,	54.61,	 8.29
 1096000000,	54.62,	 8.28
 1097000000,	54.61,	 8.38
 1098000000,	54.61,	 8.22
 1099000000,	54.62,	 8.27
 1100000000,	54.61,	 8.26
 1101000000,	54.61,	 8.25
 1102000000,	54.61,	 8.43
 1103000000,	54.61,	 8.31
 1104000000,	54.61,	 8.38
 1105000000,	54.61,	 8.36
 1106000000,	54.62,	 8.23
 1107000000,	54.62,	 8.42
 1108000000,	54.62,	 8.42
 1109000000,	54.63,	 8.25
 1110000000,	54.63,	 8.36
 1111000000,	54.63,	 8.43
 1112000000,	54.64,	 8.33
 1113000000,	54.64,	 8.36
 1114000000,	54.65,	 8.57
 1115000000,	54.65,	 8.39
 1116000000,	54.66,	 8.42
 1117000000,	54.66,	 8.38
 1118000000,	54.67,	 8.43
 1119000000,	54.68,	 8.31
 1120000000,	54.69,	 8.48
 1121000000,	54.70,	 8.39
 1122000000,	54.71,	 8.47
 1123000000,	54.72,	 8.32
 1124000000,	54.73,	 8.37
 1125000000,	54.73,	 8.40
 1126000000,	54.75,	 8.43
 1127000000,	54.76,	 8.49
 1128000000,	54.76,	 8.45
 1129000000,	54.77,	 8.39
 1130000000,	54.78,	 8.52
 1131000000,	54.79,	 8.35
 1132000000,	54.80,	 8.33
 1133000000,	54.82,	 8.36
 1134000000,	54.82,	 8.35
 1135000000,	54.83,	 8.16
 1136000000,	54.85,	 8.40
 1137000000,	54.86,	 8.36
 1138000000,	54.86,	 8.46
 1139000000,	54.87,	 8.33
 1140000000,	54.88,	 8.32
 1141000000,	54.89,	 8.32
 1142000000,	54.90,	 8.22
 1143000000,	54.90,	 8.42
 1144000000,	54.91,	 8.45
 1145000000,	54.91,	 8.27
 1146000000,	54.92,	 8.50
 1147000000,	54.93,	 8.28
 1148000000,	54.94,	 8.40
 1149000000,	54.94,	 8.28
 1150000000,	54.95,	 8.37
 1151000000,	54.95,	 8.23
 1152000000,	54.96,	 8.30
 1153000000,	54.96,	 8.35
 1154000000,	54.96,	 8.40
 1155000000,	54.97,	 8.21
 1156000000,	54.97,	 8.22
 1157000000,	54.98,	 8.18
 1158000000,	54.98,	 8.15
 1159000000,	54.99,	 8.33
 1160000000,	54.99,	 8.18
 1161000000,	55.00,	 8.22
 1162000000,	55.00,	 8.24
 1163000000,	55.00,	 8.29
 1164000000,	55.00,	 8.08
 1165000000,	55.01,	 8.17
 1166000000,	55.00,	 8.15
 1167000000,	55.00,	 8.16
 1168000000,	55.00,	 8.22
 1169000000,	55.00,	 8.14
 1170000000,	55.00,	 8.16
 1171000000,	55.00,	 8.11
 1172000000,	54.99,	 8.12
 1173000000,	54.99,	 8.15
 1174000000,	54.99,	 8.16
 1175000000,	54.99,	 8.07
 1176000000,	54.99,	 8.25
 1177000000,	54.99,	 8.18
 1178000000,	54.98,	 8.09
 1179000000,	54.98,	 7.93
 1180000000,	54.98,	 8.09
 1181000000,	54.98,	 8.03
 1182000000,	54.97,	 8.01
 1183000000,	54.97,	 8.17
 1184000000,	54.96,	 8.04
 1185000000,	54.96,	 8.19
 1186000000,	54.96,	 8.12
 1187000000,	54.96,	 8.10
 1188000000,	54.95,	 8.14
 1189000000,	54.95,	 8.18
 1190000000,	54.95,	 8.11
 1191000000,	54.95,	 8.24
 1192000000,	54.95,	 8.16
 1193000000,	54.94,	 7.98
 1194000000,	54.94,	 8.19
 1195000000,	54.93,	 8.09
 1196000000,	54.93,	 8.06
 1197000000,	54.93,	 8.27
 1198000000,	54.92,	 8.17
 1199000000,	54.92,	 8.03
 1200000000,	54.92,	 8.30
 1201000000,	54.92,	 8.22
 1202000000,	54.91,	 8.14
 1203000000,	54.91,	 8.13
 1204000000,	54.90,	 8.25
 1205000000,	54.90,	 8.18
 1206000000,	54.90,	 8.18
 1207000000,	54.90,	 8.20
 1208000000,	54.90,	 8.06
 1209000000,	54.90,	 8.25
 1210000000,	54.90,	 8.23
 1211000000,	54.90,	 8.26
 1212000000,	54.90,	 8.29
 1213000000,	54.90,	 8.22
 1214000000,	54.91,	 8.35
 1215000000,	54.91,	 8.29
 1216000000,	54.91,	 8.17
 1217000000,	54.91,	 8.13
 1218000000,	54.92,	 8.29
 1219000000,	54.92,	 8.36
 1220000000,	54.92,	 8.28
 1221000000,	54.92,	 8.41
 1222000000,	54.92,	 8.16
 1223000000,	54.92,	 8.34
 1224000000,	54.93,	 8.27
 1225000000,	54.93,	 8.39
 1226000000,	54.94,	 8.30
 1227000000,	54.94,	 8.44
 1228000000,	54.95,	 8.38
 1229000000,	54.96,	 8.35
 1230000000,	54.96,	 8.42
 1231000000,	54.97,	 8.36
 1232000000,	54.97,	 8.44
 1233000000,	54.98,	 8.35
 1234000000,	54.99,	 8.34
 1235000000,	55.00,	 8.39
 1236000000,	55.01,	 8.27
 1237000000,	55.03,	 8.41
 1238000000,	55.03,	 8.42
 1239000000,	55.04,	 8.38
 1240000000,	55.05,	 8.36
 1241000000,	55.06,	 8.45
 1242000000,	55.07,	 8.33
 1243000000,	55.08,	 8.29
 1244000000,	55.09,	 8.44
 1245000000,	55.10,	 8.45
 1246000000,	55.11,	 8.36
 1247000000,	55.12,	 8.53
 1248000000,	55.13,	 8.40
 1249000000,	55.14,	 8.41
 1250000000,	55.14,	 8.31
 1251000000,	55.15,	 8.36
 1252000000,	55.16,	 8.39
 1253000000,	55.17,	 8.34
 1254000000,	55.18,	 8.44
 1255000000,	55.19,	 8.34
 1256000000,	55.20,	 8.40
 1257000000,	55.21,	 8.33
 1258000000,	55.22,	 8.39
 1259000000,	55.23,	 8.42
 1260000000,	55.24,	 8.28
 1261000000,	55.25,	 8.23
 1262000000,	55.25,	 8.30
 1263000000,	55.25,	 8.43
 1264000000,	55.26,	 8.12
 1265000000,	55.27,	 8.37
 1266000000,	55.28,	 8.28
 1267000000,	55.29,	 8.20
 1268000000,	55.29,	 8.21
 1269000000,	55.30,	 8.05
 1270000000,	55.31,	 8.34
 1271000000,	55.32,	 8.28
 1272000000,	55.32,	 8.07
 1273000000,	55.33,	 8.16
 1274000000,	55.34,	 8.22
 1275000000,	55.35,	 8.13
 1276000000,	55.36,	 8.10
 1277000000,	55.37,	 8.16
 1278000000,	55.37,	 8.27
 1279000000,	55.37,	 8.03
 1280000000,	55.38,	 8.02
 1281000000,	55.38,	 8.12
 1282000000,	55.39,	 8.17
 1283000000,	55.39,	 8.08
 1284000000,	55.40,	 8.02
 1285000000,	55.40,	 8.07
 1286000000,	55.40,	 8.10
 1287000000,	55.40,	 8.11
 1288000000,	55.40,	 7.98
 1289000000,	55.40,	 7.88
 1290000000,	55.40,	 8.01
 1291000000,	55.40,	 8.14
 1292000000,	55.40,	 7.92
 1293000000,	55.40,	 7.96
 1294000000,	55.40,	 7.80
 1295000000,	55.39,	 7.91
 1296000000,	55.40,	 8.01
 1297000000,	55.40,	 8.00
 1298000000,	55.40,	 7.92
 1299000000,	55.39,	 8.01
 1300000000,	55.39,	 7.83
 1301000000,	55.39,	 7.96
 1302000000,	55.38,	 7.84
 1303000000,	55.38,	 7.83
 1304000000,	55.38,	 7.88
 1305000000,	55.37,	 7.84
 1306000000,	55.37,	 7.84
 1307000000,	55.36,	 7.94
 1308000000,	55.36,	 7.61
 1309000000,	55.35,	 7.84
 1310000000,	55.35,	 7.76
 1311000000,	55.34,	 7.65
 1312000000,	55.34,	 7.71
 1313000000,	55.33,	 7.79
 1314000000,	55.33,	 7.69
 1315000000,	55.32,	 7.84
 1316000000,	55.31,	 7.75
 1317000000,	55.31,	 7.83
 1318000000,	55.30,	 7.79
 1319000000,	55.29,	 7.72
 1320000000,	55.29,	 7.66
 1321000000,	55.28,	 7.66
 1322000000,	55.27,	 7.69
 1323000000,	55.27,	 7.72
 1324000000,	55.26,	 7.58
 1325000000,	55.25,	 7.82
 1326000000,	55.25,	 7.80
 1327000000,	55.25,	 7.59
 1328000000,	55.24,	 7.72
 1329000000,	55.23,	 7.90
 1330000000,	55.22,	 7.72
 1331000000,	55.22,	 7.66
 1332000000,	55.21,	 7.78
 1333000000,	55.20,	 7.84
 1334000000,	55.20,	 7.74
 1335000000,	55.20,	 7.55
 1336000000,	55.19,	 7.64
 1337000000,	55.19,	 7.78
 1338000000,	55.18,	 7.77
 1339000000,	55.18,	 7.74
 1340000000,	55.17,	 7.86
 1341000000,	55.17,	 7.85
 1342000000,	55.16,	 7.78
 1343000000,	55.16,	 7.91
 1344000000,	55.15,	 7.87
 1345000000,	55.15,	 7.78
 1346000000,	55.15,	 7.92
 1347000000,	55.14,	 7.60
 1348000000,	55.14,	 7.67
 1349000000,	55.14,	 8.01
 1350000000,	55.13,	 7.84
 1351000000,	55.13,	 7.73
 1352000000,	55.13,	 7.71
 1353000000,	55.13,	 7.89
 1354000000,	55.13,	 7.99
 1355000000,	55.14,	 8.00
 1356000000,	55.14,	 7.84
 1357000000,	55.14,	 7.97
 1358000000,	55.14,	 7.93
 1359000000,	55.14,	 7.97
 1360000000,	55.14,	 7.94
 1361000000,	55.14,	 7.96
 1362000000,	55.14,	 8.00
 1363000000,	55.14,	 7.97
 1364000000,	55.14,	 7.92
 1365000000,	55.15,	 8.04
 1366000000,	55.16,	 7.99
 1367000000,	55.16,	 7.93
 1368000000,	55.17,	 8.00
 1369000000,	55.17,	 8.07
 1370000000,	55.18,	 8.14
 1371000000,	55.19,	 8.10
 1372000000,	55.19,	 8.13
 1373000000,	55.20,	 8.22
 1374000000,	55.20,	 8.17
 1375000000,	55.21,	 8.22
 1376000000,	55.21,	 8.12
 1377000000,	55.21,	 8.11
 1378000000,	55.22,	 8.21
 1379000000,	55.23,	 8.21
 1380000000,	55.23,	 8.22
 1381000000,	55.24,	 8.22
 1382000000,	55.24,	 8.32
 1383000000,	55.25,	 8.39
 1384000000,	55.25,	 8.33
 1385000000,	55.26,	 8.35
 1386000000,	55.26,	 8.32
 1387000000,	55.27,	 8.30
 1388000000,	55.28,	 8.34
 1389000000,	55.29,	 8.42
 1390000000,	55.29,	 8.39
 1391000000,	55.30,	 8.30
 1392000000,	55.31,	 8.37
 1393000000,	55.32,	 8.40
 1394000000,	55.33,	 8.35
 1395000000,	55.34,	 8.26
 1396000000,	55.35,	 8.30
 1397000000,	55.36,	 8.40
 1398000000,	55.36,	 8.26
 1399000000,	55.37,	 8.25
 1400000000,	55.38,	 8.40
 1401000000,	55.38,	 8.18
 1402000000,	55.39,	 8.34
 1403000000,	55.40,	 8.09
 1404000000,	55.40,	 8.30
 1405000000,	55.40,	 8.21
 1406000000,	55.40,	 8.18
 1407000000,	55.41,	 8.30
 1408000000,	55.41,	 8.28
 1409000000,	55.41,	 8.11
 1410000000,	55.41,	 8.13
 1411000000,	55.41,	 8.07
 1412000000,	55.41,	 7.98
 1413000000,	55.42,	 7.98
 1414000000,	55.42,	 8.03
 1415000000,	55.42,	 7.91
 1416000000,	55.42,	 8.00
 1417000000,	55.42,	 7.94
 1418000000,	55.42,	 8.00
 1419000000,	55.42,	 7.90
 1420000000,	55.42,	 7.94
 1421000000,	55.42,	 7.89
 1422000000,	55.41,	 7.96
 1423000000,	55.41,	 7.94
 1424000000,	55.42,	 7.94
 1425000000,	55.41,	 7.66
 1426000000,	55.41,	 8.01
 1427000000,	55.40,	 7.87
 1428000000,	55.40,	 7.89
 1429000000,	55.39,	 7.82
 1430000000,	55.39,	 8.01
 1431000000,	55.39,	 7.96
 1432000000,	55.38,	 8.03
 1433000000,	55.38,	 8.17
 1434000000,	55.37,	 7.99
 1435000000,	55.37,	 8.20
 1436000000,	55.37,	 8.28
 1437000000,	55.36,	 8.41
 1438000000,	55.36,	 8.49
 1439000000,	55.35,	 8.26
 1440000000,	55.35,	 8.51
 1441000000,	55.35,	 8.50
 1442000000,	55.35,	 8.42
 1443000000,	55.35,	 8.48
 1444000000,	55.35,	 8.51
 1445000000,	55.36,	 8.49
 1446000000,	55.36,	 8.34
 1447000000,	55.36,	 8.41
 1448000000,	55.37,	 8.43
 1449000000,	55.37,	 8.35
 1450000000,	55.37,	 8.45
 1451000000,	55.37,	 8.42
 1452000000,	55.37,	 8.11
 1453000000,	55.37,	 8.25
 1454000000,	55.37,	 8.23
 1455000000,	55.37,	 8.04
 1456000000,	55.36,	 8.19
 1457000000,	55.36,	 8.00
 1458000000,	55.35,	 8.25
 1459000000,	55.35,	 8.15
 1460000000,	55.34,	 8.06
 1461000000,	55.33,	 8.02
 1462000000,	55.32,	 8.00
 1463000000,	55.31,	 7.94
 1464000000,	55.30,	 8.14
 1465000000,	55.28,	 8.03
 1466000000,	55.27,	 8.08
 1467000000,	55.26,	 8.04
 1468000000,	55.25,	 7.90
 1469000000,	55.24,	 7.90
 1470000000,	55.22,	 7.93
 1471000000,	55.21,	 8.12
 1472000000,	55.20,	 8.08
 1473000000,	55.19,	 8.05
 1474000000,	55.19,	 8.11
 1475000000,	55.18,	 8.29
 1476000000,	55.17,	 8.15
 1477000000,	55.16,	 8.32
 1478000000,	55.15,	 8.11
 1479000000,	55.14,	 8.28
 1480000000,	55.13,	 8.30
 1481000000,	55.12,	 8.21
 1482000000,	55.12,	 8.38
 1483000000,	55.11,	 8.20
 1484000000,	55.10,	 8.38
 1485000000,	55.09,	 8.37
 1486000000,	55.08,	 8.30
 1487000000,	55.08,	 8.23
 1488000000,	55.07,	 8.41
 1489000000,	55.07,	 8.30
 1490000000,	55.07,	 8.26
 1491000000,	55.06,	 8.33
 1492000000,	55.06,	 8.58
 1493000000,	55.06,	 8.28
 1494000000,	55.06,	 8.48
 1495000000,	55.06,	 8.53
 1496000000,	55.06,	 8.39
 1497000000,	55.06,	 8.58
 1498000000,	55.06,	 8.47
 1499000000,	55.06,	 8.55
 1500000000,	55.06,	 8.53
 1501000000,	55.05,	 8.64
 1502000000,	55.05,	 8.52
 1503000000,	55.05,	 8.42
 1504000000,	55.05,	 8.49
 1505000000,	55.05,	 8.46
 1506000000,	55.05,	 8.49
 1507000000,	55.04,	 8.61
 1508000000,	55.04,	 8.59
 1509000000,	55.04,	 8.51
 1510000000,	55.04,	 8.55
 1511000000,	55.03,	 8.55
 1512000000,	55.03,	 8.38
 1513000000,	55.03,	 8.66
 1514000000,	55.03,	 8.62
 1515000000,	55.03,	 8.44
 1516000000,	55.04,	 8.64
 1517000000,	55.04,	 8.58
 1518000000,	55.04,	 8.61
 1519000000,	55.04,	 8.59
 1520000000,	55.04,	 8.58
 1521000000,	55.04,	 8.80
 1522000000,	55.03,	 8.60
 1523000000,	55.04,	 8.49
 1524000000,	55.04,	 8.67
 1525000000,	55.03,	 8.71
 1526000000,	55.04,	 8.65
 1527000000,	55.04,	 8.61
 1528000000,	55.04,	 8.39
 1529000000,	55.04,	 8.45
 1530000000,	55.04,	 8.53
 1531000000,	55.04,	 8.53
 1532000000,	55.04,	 8.59
 1533000000,	55.04,	 8.58
 1534000000,	55.04,	 8.48
 1535000000,	55.04,	 8.56
 1536000000,	55.04,	 8.58
 1537000000,	55.04,	 8.43
 1538000000,	55.04,	 8.47
 1539000000,	55.04,	 8.45
 1540000000,	55.04,	 8.54
 1541000000,	55.04,	 8.65
 1542000000,	55.04,	 8.31
 1543000000,	55.05,	 8.39
 1544000000,	55.04,	 8.45
 1545000000,	55.04,	 8.32
 1546000000,	55.05,	 8.19
 1547000000,	55.04,	 8.31
 1548000000,	55.04,	 8.20
 1549000000,	55.04,	 8.33
 1550000000,	55.04,	 8.42
 1551000000,	55.04,	 8.38
 1552000000,	55.04,	 8.30
 1553000000,	55.04,	 8.33
 1554000000,	55.04,	 8.37
 1555000000,	55.04,	 8.36
 1556000000,	55.03,	 8.28
 1557000000,	55.03,	 8.27
 1558000000,	55.03,	 8.22
 1559000000,	55.03,	 8.25
 1560000000,	55.03,	 8.27
 1561000000,	55.03,	 8.28
 1562000000,	55.02,	 8.11
 1563000000,	55.02,	 8.04
 1564000000,	55.01,	 8.16
 1565000000,	55.01,	 8.13
 1566000000,	55.01,	 8.05
 1567000000,	55.00,	 8.10
 1568000000,	54.99,	 8.19
 1569000000,	54.99,	 8.08
 1570000000,	54.98,	 8.19
 1571000000,	54.98,	 8.06
 1572000000,	54.98,	 7.98
 1573000000,	54.97,	 8.19
 1574000000,	54.96,	 8.06
 1575000000,	54.96,	 8.10
 1576000000,	54.95,	 8.12
 1577000000,	54.95,	 8.16
 1578000000,	54.94,	 8.01
 1579000000,	54.93,	 8.16
 1580000000,	54.93,	 8.14
 1581000000,	54.92,	 8.20
 1582000000,	54.91,	 8.12
 1583000000,	54.90,	 8.31
 1584000000,	54.89,	 7.98
 1585000000,	54.88,	 8.11
 1586000000,	54.88,	 8.00
 1587000000,	54.87,	 8.11
 1588000000,	54.86,	 8.12
 1589000000,	54.85,	 8.23
 1590000000,	54.84,	 8.21
 1591000000,	54.82,	 8.17
 1592000000,	54.82,	 8.12
 1593000000,	54.81,	 8.36
 1594000000,	54.80,	 8.25
 1595000000,	54.78,	 8.36
 1596000000,	54.77,	 8.33
 1597000000,	54.76,	 8.30
 1598000000,	54.75,	 8.42
 1599000000,	54.73,	 8.24
 1600000000,	54.72,	 8.53
 1601000000,	54.71,	 8.52
 1602000000,	54.69,	 8.49
 1603000000,	54.68,	 8.53
 1604000000,	54.67,	 8.60
 1605000000,	54.65,	 8.42
 1606000000,	54.64,	 8.65
 1607000000,	54.62,	 8.59
 1608000000,	54.61,	 8.64
 1609000000,	54.60,	 8.50
 1610000000,	54.58,	 8.62
 1611000000,	54.56,	 8.76
 1612000000,	54.55,	 8.72
 1613000000,	54.54,	 8.55
 1614000000,	54.52,	 8.74
 1615000000,	54.50,	 8.67
 1616000000,	54.49,	 8.72
 1617000000,	54.47,	 8.78
 1618000000,	54.45,	 8.92
 1619000000,	54.44,	 8.89
 1620000000,	54.42,	 8.83
 1621000000,	54.41,	 9.01
 1622000000,	54.39,	 8.95
 1623000000,	54.38,	 9.01
 1624000000,	54.36,	 9.03
 1625000000,	54.35,	 8.96
 1626000000,	54.33,	 8.92
 1627000000,	54.31,	 8.93
 1628000000,	54.30,	 9.06
 1629000000,	54.29,	 9.19
 1630000000,	54.27,	 9.09
 1631000000,	54.26,	 9.24
 1632000000,	54.24,	 9.22
 1633000000,	54.23,	 9.15
 1634000000,	54.22,	 9.05
 1635000000,	54.20,	 9.05
 1636000000,	54.19,	 9.25
 1637000000,	54.18,	 9.23
 1638000000,	54.16,	 9.21
 1639000000,	54.15,	 9.24
 1640000000,	54.14,	 9.33
 1641000000,	54.13,	 9.42
 1642000000,	54.12,	 9.22
 1643000000,	54.11,	 9.16
 1644000000,	54.10,	 9.35
 1645000000,	54.09,	 9.34
 1646000000,	54.09,	 9.25
 1647000000,	54.08,	 9.25
 1648000000,	54.07,	 9.34
 1649000000,	54.07,	 9.30
 1650000000,	54.06,	 9.49
 1651000000,	54.05,	 9.33
 1652000000,	54.05,	 9.47
 1653000000,	54.04,	 9.49
 1654000000,	54.04,	 9.44
 1655000000,	54.04,	 9.62
 1656000000,	54.03,	 9.63
 1657000000,	54.03,	 9.81
 1658000000,	54.03,	 9.58
 1659000000,	54.03,	 9.95
 1660000000,	54.03,	 9.87
 1661000000,	54.03,	 9.96
 1662000000,	54.03,	10.08
 1663000000,	54.03,	 9.95
 1664000000,	54.03,	10.11
 1665000000,	54.03,	 9.86
 1666000000,	54.03,	 9.87
 1667000000,	54.03,	 9.95
 1668000000,	54.04,	 9.83
 1669000000,	54.04,	 9.94
 1670000000,	54.04,	 9.94
