% f (Hz),G_rec (dB),T_e_rec (K)
 900000000,  55.26,   7.27
 901000000,  55.25,   7.21
 902000000,  55.24,   7.06
 903000000,  55.23,   7.08
 904000000,  55.19,   7.01
 905000000,  55.19,   7.12
 906000000,  55.17,   7.02
 907000000,  55.15,   7.10
 908000000,  55.14,   6.93
 909000000,  55.14,   6.96
 910000000,  55.12,   7.18
 911000000,  55.10,   7.03
 912000000,  55.10,   7.03
 913000000,  55.08,   6.92
 914000000,  55.07,   6.98
 915000000,  55.06,   7.04
 916000000,  55.05,   7.11
 917000000,  55.04,   7.14
 918000000,  55.03,   7.09
 919000000,  55.03,   7.10
 920000000,  55.02,   7.02
 921000000,  55.00,   7.17
 922000000,  55.00,   7.15
 923000000,  54.99,   7.13
 924000000,  54.98,   7.00
 925000000,  54.98,   7.11
 926000000,  54.96,   7.05
 927000000,  54.96,   7.09
 928000000,  54.96,   7.07
 929000000,  54.96,   7.10
 930000000,  54.95,   7.01
 931000000,  54.94,   7.18
 932000000,  54.95,   7.00
 933000000,  54.94,   7.03
 934000000,  54.93,   7.01
 935000000,  54.93,   7.02
 936000000,  54.92,   7.14
 937000000,  54.92,   7.17
 938000000,  54.93,   7.15
 939000000,  54.92,   7.19
 940000000,  54.91,   7.14
 941000000,  54.91,   7.18
 942000000,  54.91,   7.07
 943000000,  54.90,   7.17
 944000000,  54.89,   7.11
 945000000,  54.90,   7.19
 946000000,  54.89,   7.16
 947000000,  54.88,   7.16
 948000000,  54.87,   7.04
 949000000,  54.87,   7.07
 950000000,  54.87,   7.05
 951000000,  54.86,   7.15
 952000000,  54.86,   7.22
 953000000,  54.84,   7.09
 954000000,  54.83,   7.18
 955000000,  54.82,   7.25
 956000000,  54.83,   7.05
 957000000,  54.82,   7.20
 958000000,  54.82,   7.20
 959000000,  54.81,   7.22
 960000000,  54.80,   7.15
 961000000,  54.79,   7.28
 962000000,  54.78,   7.30
 963000000,  54.77,   7.13
 964000000,  54.76,   7.14
 965000000,  54.74,   7.10
 966000000,  54.74,   7.21
 967000000,  54.72,   7.20
 968000000,  54.71,   7.09
 969000000,  54.70,   7.19
 970000000,  54.70,   7.29
 971000000,  54.68,   7.22
 972000000,  54.67,   7.21
 973000000,  54.66,   7.22
 974000000,  54.64,   7.30
 975000000,  54.64,   7.24
 976000000,  54.62,   7.22
 977000000,  54.61,   7.39
 978000000,  54.61,   7.36
 979000000,  54.59,   7.31
 980000000,  54.58,   7.42
 981000000,  54.56,   7.22
 982000000,  54.55,   7.26
 983000000,  54.55,   7.36
 984000000,  54.53,   7.37
 985000000,  54.52,   7.22
 986000000,  54.51,   7.40
 987000000,  54.50,   7.37
 988000000,  54.50,   7.35
 989000000,  54.49,   7.39
 990000000,  54.48,   7.45
 991000000,  54.47,   7.42
 992000000,  54.47,   7.50
 993000000,  54.45,   7.39
 994000000,  54.44,   7.42
 995000000,  54.43,   7.40
 996000000,  54.43,   7.45
 997000000,  54.43,   7.57
 998000000,  54.42,   7.52
 999000000,  54.42,   7.61
1000000000,  54.41,   7.32
1001000000,  54.42,   7.55
1002000000,  54.42,   7.54
1003000000,  54.43,   7.63
1004000000,  54.44,   7.66
1005000000,  54.44,   7.71
1006000000,  54.46,   7.62
1007000000,  54.46,   7.81
1008000000,  54.48,   7.73
1009000000,  54.48,   7.67
1010000000,  54.47,   7.78
1011000000,  54.50,   7.77
1012000000,  54.50,   7.78
1013000000,  54.51,   7.73
1014000000,  54.52,   7.75
1015000000,  54.51,   7.82
1016000000,  54.51,   7.80
1017000000,  54.52,   7.74
1018000000,  54.54,   7.98
1019000000,  54.53,   7.95
1020000000,  54.54,   7.68
1021000000,  54.54,   7.75
1022000000,  54.54,   7.96
1023000000,  54.55,   7.81
1024000000,  54.55,   8.01
1025000000,  54.56,   7.90
1026000000,  54.56,   7.95
1027000000,  54.57,   7.91
1028000000,  54.57,   8.03
1029000000,  54.58,   7.97
1030000000,  54.59,   7.88
1031000000,  54.60,   8.08
1032000000,  54.61,   7.99
1033000000,  54.60,   8.09
1034000000,  54.59,   8.02
1035000000,  54.59,   7.80
1036000000,  54.57,   8.01
1037000000,  54.56,   8.08
1038000000,  54.56,   8.06
1039000000,  54.55,   7.98
1040000000,  54.55,   8.13
1041000000,  54.55,   8.16
1042000000,  54.54,   7.94
1043000000,  54.54,   8.08
1044000000,  54.54,   8.25
1045000000,  54.55,   8.22
1046000000,  54.56,   8.27
1047000000,  54.56,   8.14
1048000000,  54.57,   8.24
1049000000,  54.57,   8.20
1050000000,  54.56,   8.10
1051000000,  54.57,   8.16
1052000000,  54.57,   8.21
1053000000,  54.58,   8.20
1054000000,  54.57,   8.10
1055000000,  54.58,   8.12
1056000000,  54.57,   8.37
1057000000,  54.58,   8.31
1058000000,  54.57,   8.18
1059000000,  54.56,   8.15
1060000000,  54.56,   8.33
1061000000,  54.56,   8.28
1062000000,  54.57,   8.42
1063000000,  54.56,   8.29
1064000000,  54.55,   8.20
1065000000,  54.56,   8.30
1066000000,  54.55,   8.20
1067000000,  54.55,   8.30
1068000000,  54.55,   8.28
1069000000,  54.55,   8.31
1070000000,  54.55,   8.35
1071000000,  54.53,   8.38
1072000000,  54.53,   8.30
1073000000,  54.51,   8.28
1074000000,  54.51,   8.28
1075000000,  54.51,   8.39
1076000000,  54.50,   8.51
1077000000,  54.49,   8.17
1078000000,  54.49,   8.39
1079000000,  54.48,   8.33
1080000000,  54.47,   8.17
1081000000,  54.47,   8.36
1082000000,  54.46,   8.48
1083000000,  54.46,   8.41
1084000000,  54.45,   8.41
1085000000,  54.44,   8.27
1086000000,  54.44,   8.43
1087000000,  54.42,   8.37
1088000000,  54.43,   8.39
1089000000,  54.43,   8.39
1090000000,  54.42,   8.42
1091000000,  54.41,   8.28
1092000000,  54.41,   8.39
1093000000,  54.39,   8.42
1094000000,  54.40,   8.51
1095000000,  54.40,   8.39
1096000000,  54.39,   8.46
1097000000,  54.40,   8.45
1098000000,  54.39,   8.48
1099000000,  54.39,   8.47
1100000000,  54.39,   8.40
1101000000,  54.38,   8.51
1102000000,  54.38,   8.45
1103000000,  54.38,   8.52
1104000000,  54.39,   8.32
1105000000,  54.38,   8.46
1106000000,  54.38,   8.40
1107000000,  54.38,   8.59
1108000000,  54.39,   8.52
1109000000,  54.39,   8.50
1110000000,  54.39,   8.59
1111000000,  54.40,   8.47
1112000000,  54.40,   8.51
1113000000,  54.41,   8.48
1114000000,  54.40,   8.51
1115000000,  54.41,   8.50
1116000000,  54.42,   8.54
1117000000,  54.43,   8.45
1118000000,  54.43,   8.41
1119000000,  54.43,   8.54
1120000000,  54.44,   8.62
1121000000,  54.45,   8.52
1122000000,  54.45,   8.30
1123000000,  54.46,   8.47
1124000000,  54.46,   8.32
1125000000,  54.48,   8.58
1126000000,  54.49,   8.53
1127000000,  54.50,   8.63
1128000000,  54.51,   8.53
1129000000,  54.52,   8.46
1130000000,  54.52,   8.54
1131000000,  54.53,   8.48
1132000000,  54.55,   8.49
1133000000,  54.56,   8.62
1134000000,  54.56,   8.42
1135000000,  54.59,   8.49
1136000000,  54.59,   8.56
1137000000,  54.60,   8.54
1138000000,  54.61,   8.50
1139000000,  54.61,   8.52
1140000000,  54.62,   8.57
1141000000,  54.63,   8.56
1142000000,  54.64,   8.40
1143000000,  54.66,   8.44
1144000000,  54.67,   8.64
1145000000,  54.67,   8.51
1146000000,  54.68,   8.42
1147000000,  54.69,   8.56
1148000000,  54.70,   8.46
1149000000,  54.71,   8.51
1150000000,  54.71,   8.42
1151000000,  54.72,   8.58
1152000000,  54.72,   8.34
1153000000,  54.73,   8.56
1154000000,  54.75,   8.25
1155000000,  54.74,   8.27
1156000000,  54.76,   8.48
1157000000,  54.76,   8.45
1158000000,  54.77,   8.43
1159000000,  54.78,   8.39
1160000000,  54.78,   8.29
1161000000,  54.79,   8.44
1162000000,  54.80,   8.31
1163000000,  54.81,   8.41
1164000000,  54.80,   8.41
1165000000,  54.81,   8.31
1166000000,  54.80,   8.25
1167000000,  54.82,   8.29
1168000000,  54.81,   8.26
1169000000,  54.82,   8.30
1170000000,  54.81,   8.29
1171000000,  54.83,   8.43
1172000000,  54.83,   8.35
1173000000,  54.83,   8.11
1174000000,  54.82,   8.14
1175000000,  54.82,   8.46
1176000000,  54.83,   8.28
1177000000,  54.83,   8.41
1178000000,  54.83,   8.26
1179000000,  54.83,   8.29
1180000000,  54.82,   8.31
1181000000,  54.82,   8.27
1182000000,  54.82,   8.39
1183000000,  54.83,   8.28
1184000000,  54.81,   8.48
1185000000,  54.81,   8.24
1186000000,  54.82,   8.27
1187000000,  54.79,   8.23
1188000000,  54.79,   8.30
1189000000,  54.79,   8.25
1190000000,  54.80,   8.42
1191000000,  54.78,   8.48
1192000000,  54.78,   8.17
1193000000,  54.76,   8.33
1194000000,  54.76,   8.22
1195000000,  54.76,   8.25
1196000000,  54.76,   8.26
1197000000,  54.74,   8.23
1198000000,  54.74,   8.32
1199000000,  54.74,   8.42
1200000000,  54.72,   8.29
1201000000,  54.73,   8.25
1202000000,  54.73,   8.37
1203000000,  54.72,   8.32
1204000000,  54.72,   8.35
1205000000,  54.72,   8.38
1206000000,  54.72,   8.28
1207000000,  54.71,   8.47
1208000000,  54.70,   8.47
1209000000,  54.70,   8.43
1210000000,  54.70,   8.36
1211000000,  54.69,   8.44
1212000000,  54.69,   8.47
1213000000,  54.69,   8.43
1214000000,  54.68,   8.26
1215000000,  54.67,   8.37
1216000000,  54.67,   8.41
1217000000,  54.66,   8.49
1218000000,  54.66,   8.43
1219000000,  54.66,   8.52
1220000000,  54.66,   8.42
1221000000,  54.65,   8.46
1222000000,  54.65,   8.44
1223000000,  54.64,   8.46
1224000000,  54.64,   8.41
1225000000,  54.64,   8.38
1226000000,  54.65,   8.41
1227000000,  54.64,   8.33
1228000000,  54.64,   8.49
1229000000,  54.64,   8.41
1230000000,  54.66,   8.49
1231000000,  54.65,   8.58
1232000000,  54.65,   8.50
1233000000,  54.66,   8.44
1234000000,  54.66,   8.52
1235000000,  54.67,   8.38
1236000000,  54.67,   8.43
1237000000,  54.67,   8.41
1238000000,  54.67,   8.53
1239000000,  54.68,   8.32
1240000000,  54.69,   8.42
1241000000,  54.69,   8.50
1242000000,  54.70,   8.60
1243000000,  54.70,   8.43
1244000000,  54.70,   8.44
1245000000,  54.71,   8.60
1246000000,  54.72,   8.49
1247000000,  54.72,   8.40
1248000000,  54.73,   8.46
1249000000,  54.74,   8.57
1250000000,  54.73,   8.48
1251000000,  54.74,   8.62
1252000000,  54.75,   8.55
1253000000,  54.75,   8.31
1254000000,  54.76,   8.56
1255000000,  54.77,   8.63
1256000000,  54.78,   8.43
1257000000,  54.77,   8.48
1258000000,  54.78,   8.36
1259000000,  54.78,   8.41
1260000000,  54.79,   8.34
1261000000,  54.80,   8.41
1262000000,  54.80,   8.47
1263000000,  54.81,   8.57
1264000000,  54.82,   8.42
1265000000,  54.83,   8.49
1266000000,  54.85,   8.31
1267000000,  54.84,   8.38
1268000000,  54.85,   8.30
1269000000,  54.87,   8.45
1270000000,  54.86,   8.40
1271000000,  54.88,   8.45
1272000000,  54.89,   8.38
1273000000,  54.89,   8.26
1274000000,  54.90,   8.40
1275000000,  54.92,   8.36
1276000000,  54.92,   8.41
1277000000,  54.92,   8.32
1278000000,  54.93,   8.39
1279000000,  54.94,   8.19
1280000000,  54.94,   8.40
1281000000,  54.95,   8.29
1282000000,  54.96,   8.37
1283000000,  54.96,   8.33
1284000000,  54.97,   8.23
1285000000,  54.98,   8.31
1286000000,  54.98,   8.27
1287000000,  54.99,   8.29
1288000000,  55.00,   8.15
1289000000,  55.01,   8.25
1290000000,  55.00,   8.06
1291000000,  55.02,   8.17
1292000000,  55.02,   8.28
1293000000,  55.01,   8.08
1294000000,  55.03,   8.18
1295000000,  55.03,   8.16
1296000000,  55.03,   8.02
1297000000,  55.03,   8.23
1298000000,  55.03,   8.09
1299000000,  55.04,   8.15
1300000000,  55.05,   8.09
1301000000,  55.05,   8.18
1302000000,  55.05,   8.14
1303000000,  55.05,   8.07
1304000000,  55.05,   8.21
1305000000,  55.05,   8.00
1306000000,  55.04,   8.02
1307000000,  55.05,   7.91
1308000000,  55.05,   8.02
1309000000,  55.03,   7.90
1310000000,  55.05,   7.92
1311000000,  55.03,   8.07
1312000000,  55.04,   8.02
1313000000,  55.04,   8.03
1314000000,  55.03,   7.95
1315000000,  55.03,   7.96
1316000000,  55.03,   7.97
1317000000,  55.02,   8.00
1318000000,  55.02,   8.01
1319000000,  55.02,   8.05
1320000000,  55.02,   8.00
1321000000,  55.01,   7.95
1322000000,  55.00,   8.00
1323000000,  55.00,   7.89
1324000000,  54.99,   7.86
1325000000,  54.98,   7.87
1326000000,  54.98,   7.95
1327000000,  54.97,   8.05
1328000000,  54.97,   7.88
1329000000,  54.96,   8.01
1330000000,  54.95,   7.93
1331000000,  54.95,   7.94
1332000000,  54.94,   7.95
1333000000,  54.93,   8.06
1334000000,  54.92,   7.96
1335000000,  54.92,   7.94
1336000000,  54.91,   7.98
1337000000,  54.90,   7.93
1338000000,  54.89,   7.93
1339000000,  54.88,   8.02
1340000000,  54.87,   7.96
1341000000,  54.87,   7.86
1342000000,  54.86,   7.85
1343000000,  54.84,   8.00
1344000000,  54.84,   7.98
1345000000,  54.84,   7.86
1346000000,  54.83,   8.02
1347000000,  54.82,   7.85
1348000000,  54.80,   8.08
1349000000,  54.81,   7.94
1350000000,  54.80,   8.06
1351000000,  54.79,   8.04
1352000000,  54.79,   8.07
1353000000,  54.78,   7.93
1354000000,  54.78,   8.04
1355000000,  54.77,   8.03
1356000000,  54.77,   8.02
1357000000,  54.77,   8.22
1358000000,  54.75,   8.14
1359000000,  54.74,   8.04
1360000000,  54.75,   8.03
1361000000,  54.75,   8.08
1362000000,  54.74,   8.32
1363000000,  54.73,   8.13
1364000000,  54.73,   8.06
1365000000,  54.73,   8.17
1366000000,  54.73,   7.99
1367000000,  54.72,   8.21
1368000000,  54.71,   8.17
1369000000,  54.70,   8.11
1370000000,  54.71,   8.28
1371000000,  54.70,   8.14
1372000000,  54.70,   8.14
1373000000,  54.69,   8.21
1374000000,  54.69,   8.44
1375000000,  54.69,   8.29
1376000000,  54.68,   8.33
1377000000,  54.68,   8.23
1378000000,  54.68,   8.22
1379000000,  54.67,   8.36
1380000000,  54.67,   8.42
1381000000,  54.68,   8.34
1382000000,  54.66,   8.40
1383000000,  54.66,   8.43
1384000000,  54.66,   8.52
1385000000,  54.67,   8.60
1386000000,  54.67,   8.46
1387000000,  54.66,   8.49
1388000000,  54.67,   8.42
1389000000,  54.67,   8.40
1390000000,  54.66,   8.47
1391000000,  54.67,   8.58
1392000000,  54.66,   8.57
1393000000,  54.66,   8.49
1394000000,  54.67,   8.46
1395000000,  54.66,   8.49
1396000000,  54.66,   8.40
1397000000,  54.66,   8.36
1398000000,  54.66,   8.40
1399000000,  54.66,   8.34
1400000000,  54.66,   8.46
1401000000,  54.67,   8.40
1402000000,  54.66,   8.22
1403000000,  54.65,   8.30
1404000000,  54.67,   8.37
1405000000,  54.66,   8.37
1406000000,  54.65,   8.28
1407000000,  54.65,   8.25
1408000000,  54.66,   8.38
1409000000,  54.66,   8.25
1410000000,  54.66,   8.21
1411000000,  54.65,   8.31
1412000000,  54.67,   8.29
1413000000,  54.65,   8.26
1414000000,  54.66,   8.17
1415000000,  54.67,   8.45
1416000000,  54.67,   8.23
1417000000,  54.67,   8.18
1418000000,  54.67,   8.23
1419000000,  54.67,   8.09
1420000000,  54.67,   8.22
1421000000,  54.67,   8.21
1422000000,  54.66,   8.28
1423000000,  54.67,   8.44
1424000000,  54.66,   8.37
1425000000,  54.66,   8.24
1426000000,  54.66,   8.34
1427000000,  54.65,   8.36
1428000000,  54.65,   8.49
1429000000,  54.64,   8.38
1430000000,  54.65,   8.28
1431000000,  54.65,   8.42
1432000000,  54.64,   8.38
1433000000,  54.63,   8.43
1434000000,  54.64,   8.48
1435000000,  54.63,   8.46
1436000000,  54.63,   8.36
1437000000,  54.63,   8.57
1438000000,  54.63,   8.59
1439000000,  54.62,   8.60
1440000000,  54.62,   8.64
1441000000,  54.63,   8.63
1442000000,  54.62,   8.77
1443000000,  54.61,   9.00
1444000000,  54.62,   8.79
1445000000,  54.61,   8.79
1446000000,  54.61,   8.91
1447000000,  54.60,   9.00
1448000000,  54.60,   9.00
1449000000,  54.61,   8.94
1450000000,  54.60,   9.03
1451000000,  54.60,   8.86
1452000000,  54.59,   8.98
1453000000,  54.58,   8.76
1454000000,  54.59,   8.87
1455000000,  54.59,   8.87
1456000000,  54.59,   8.59
1457000000,  54.58,   8.77
1458000000,  54.57,   8.62
1459000000,  54.57,   8.47
1460000000,  54.57,   8.63
1461000000,  54.58,   8.36
1462000000,  54.57,   8.54
1463000000,  54.56,   8.69
1464000000,  54.55,   8.59
1465000000,  54.55,   8.54
1466000000,  54.54,   8.44
1467000000,  54.54,   8.54
1468000000,  54.54,   8.43
1469000000,  54.53,   8.56
1470000000,  54.52,   8.58
1471000000,  54.51,   8.52
1472000000,  54.51,   8.39
1473000000,  54.51,   8.51
1474000000,  54.50,   8.46
1475000000,  54.49,   8.54
1476000000,  54.48,   8.51
1477000000,  54.49,   8.74
1478000000,  54.47,   8.61
1479000000,  54.47,   8.62
1480000000,  54.46,   8.53
1481000000,  54.46,   8.57
1482000000,  54.46,   8.58
1483000000,  54.46,   8.64
1484000000,  54.44,   8.64
1485000000,  54.44,   8.72
1486000000,  54.44,   8.63
1487000000,  54.43,   8.73
1488000000,  54.44,   8.63
1489000000,  54.41,   8.79
1490000000,  54.41,   8.96
1491000000,  54.41,   8.74
1492000000,  54.40,   8.83
1493000000,  54.40,   8.72
1494000000,  54.39,   8.78
1495000000,  54.38,   8.82
1496000000,  54.38,   8.91
1497000000,  54.37,   8.78
1498000000,  54.36,   8.87
1499000000,  54.36,   8.84
1500000000,  54.34,   8.88
1501000000,  54.34,   8.89
1502000000,  54.35,   8.87
1503000000,  54.34,   9.07
1504000000,  54.33,   8.92
1505000000,  54.33,   8.96
1506000000,  54.32,   8.92
1507000000,  54.33,   8.90
1508000000,  54.33,   8.83
1509000000,  54.31,   8.94
1510000000,  54.32,   8.81
1511000000,  54.32,   8.93
1512000000,  54.32,   8.83
1513000000,  54.31,   9.11
1514000000,  54.31,   8.91
1515000000,  54.30,   8.79
1516000000,  54.30,   8.93
1517000000,  54.30,   8.94
1518000000,  54.30,   8.93
1519000000,  54.29,   8.82
1520000000,  54.29,   8.97
1521000000,  54.28,   8.83
1522000000,  54.28,   8.79
1523000000,  54.28,   8.83
1524000000,  54.28,   8.91
1525000000,  54.27,   8.83
1526000000,  54.27,   8.83
1527000000,  54.27,   8.82
1528000000,  54.27,   8.74
1529000000,  54.27,   8.83
1530000000,  54.26,   8.84
1531000000,  54.27,   8.83
1532000000,  54.26,   8.81
1533000000,  54.26,   8.77
1534000000,  54.26,   8.88
1535000000,  54.26,   8.89
1536000000,  54.25,   8.71
1537000000,  54.25,   8.80
1538000000,  54.25,   8.91
1539000000,  54.24,   8.93
1540000000,  54.24,   8.75
1541000000,  54.24,   8.84
1542000000,  54.24,   8.59
1543000000,  54.23,   8.69
1544000000,  54.23,   8.64
1545000000,  54.22,   8.70
1546000000,  54.23,   8.69
1547000000,  54.22,   8.67
1548000000,  54.22,   8.66
1549000000,  54.21,   8.54
1550000000,  54.22,   8.51
1551000000,  54.20,   8.59
1552000000,  54.20,   8.58
1553000000,  54.20,   8.65
1554000000,  54.19,   8.66
1555000000,  54.20,   8.52
1556000000,  54.19,   8.57
1557000000,  54.19,   8.48
1558000000,  54.19,   8.49
1559000000,  54.18,   8.60
1560000000,  54.18,   8.46
1561000000,  54.18,   8.37
1562000000,  54.17,   8.42
1563000000,  54.17,   8.51
1564000000,  54.16,   8.56
1565000000,  54.16,   8.60
1566000000,  54.16,   8.54
1567000000,  54.14,   8.36
1568000000,  54.14,   8.50
1569000000,  54.15,   8.30
1570000000,  54.14,   8.41
1571000000,  54.12,   8.43
1572000000,  54.13,   8.37
1573000000,  54.13,   8.27
1574000000,  54.12,   8.61
1575000000,  54.11,   8.44
1576000000,  54.12,   8.55
1577000000,  54.10,   8.59
1578000000,  54.10,   8.51
1579000000,  54.10,   8.46
1580000000,  54.09,   8.40
1581000000,  54.09,   8.72
1582000000,  54.08,   8.52
1583000000,  54.07,   8.62
1584000000,  54.07,   8.52
1585000000,  54.06,   8.40
1586000000,  54.05,   8.44
1587000000,  54.05,   8.52
1588000000,  54.04,   8.43
1589000000,  54.03,   8.68
1590000000,  54.02,   8.64
1591000000,  54.01,   8.73
1592000000,  54.00,   8.48
1593000000,  53.98,   8.53
1594000000,  53.98,   8.44
1595000000,  53.98,   8.72
1596000000,  53.97,   8.75
1597000000,  53.96,   8.62
1598000000,  53.95,   8.59
1599000000,  53.93,   8.78
1600000000,  53.94,   8.72
1601000000,  53.92,   8.64
1602000000,  53.91,   8.72
1603000000,  53.90,   8.85
1604000000,  53.89,   8.80
1605000000,  53.88,   8.78
1606000000,  53.87,   8.89
1607000000,  53.86,   8.98
1608000000,  53.85,   8.88
1609000000,  53.84,   8.89
1610000000,  53.82,   9.07
1611000000,  53.81,   8.90
1612000000,  53.80,   9.03
1613000000,  53.78,   8.87
1614000000,  53.77,   9.08
1615000000,  53.76,   9.07
1616000000,  53.74,   9.03
1617000000,  53.72,   9.17
1618000000,  53.72,   9.11
1619000000,  53.71,   9.19
1620000000,  53.68,   9.31
1621000000,  53.66,   9.43
1622000000,  53.66,   9.34
1623000000,  53.65,   9.39
1624000000,  53.63,   9.43
1625000000,  53.63,   9.42
1626000000,  53.62,   9.46
1627000000,  53.61,   9.64
1628000000,  53.60,   9.56
1629000000,  53.58,   9.59
1630000000,  53.57,   9.53
1631000000,  53.57,   9.38
1632000000,  53.54,   9.60
1633000000,  53.54,   9.57
1634000000,  53.52,   9.40
1635000000,  53.51,   9.37
1636000000,  53.50,   9.23
1637000000,  53.48,   9.29
1638000000,  53.47,   9.23
1639000000,  53.46,   9.47
1640000000,  53.45,   9.26
1641000000,  53.45,   9.39
1642000000,  53.42,   9.30
1643000000,  53.41,   9.21
1644000000,  53.40,   9.32
1645000000,  53.39,   9.32
1646000000,  53.39,   9.29
1647000000,  53.38,   9.20
1648000000,  53.36,   9.41
1649000000,  53.36,   9.46
1650000000,  53.36,   9.49
1651000000,  53.36,   9.40
1652000000,  53.34,   9.55
1653000000,  53.33,   9.58
1654000000,  53.33,   9.46
1655000000,  53.32,   9.70
1656000000,  53.30,   9.72
1657000000,  53.30,   9.63
1658000000,  53.29,   9.70
1659000000,  53.29,   9.83
1660000000,  53.28,   9.71
1661000000,  53.27,   9.77
1662000000,  53.27,   9.81
1663000000,  53.27,   9.72
1664000000,  53.25,   9.75
1665000000,  53.26,  10.00
1666000000,  53.25,   9.87
1667000000,  53.25,   9.95
1668000000,  53.25,  10.00
1669000000,  53.24,  10.09
1670000000,  53.24,  10.14
