% f (Hz),	G_rec (dB),	T_e_rec (K)	
900499328.000000,	57.278906,	7.830176
901498048.000000,	57.235346,	7.848226
902496768.000000,	57.221865,	7.673385
903495488.000000,	57.198513,	7.775193
904494144.000000,	57.186844,	7.553184
905492864.000000,	57.166941,	7.629121
906491584.000000,	57.128434,	7.713587
907490304.000000,	57.128899,	7.510542
908488960.000000,	57.096967,	7.627535
909487680.000000,	57.084821,	7.528577
910486400.000000,	57.089193,	7.430313
911485056.000000,	57.081416,	7.423318
912483776.000000,	57.074116,	7.340242
913482496.000000,	57.042713,	7.609342
914481216.000000,	57.043993,	7.347964
915479872.000000,	57.017551,	7.619004
916478592.000000,	57.042863,	7.304556
917477312.000000,	56.999495,	7.361681
918476032.000000,	57.026181,	7.320576
919474688.000000,	57.003196,	7.400237
920473408.000000,	57.004858,	7.305046
921472128.000000,	56.995144,	7.281273
922470848.000000,	57.013211,	7.296717
923469504.000000,	56.997771,	7.190942
924468224.000000,	56.989464,	7.271125
925466944.000000,	56.979260,	7.147396
926465600.000000,	56.974870,	7.239906
927464320.000000,	56.971319,	7.253902
928463040.000000,	56.969660,	7.258611
929461760.000000,	56.964515,	7.256172
930460416.000000,	56.982081,	7.169666
931459136.000000,	56.967970,	7.303484
932457856.000000,	56.952434,	7.413604
933456576.000000,	56.953654,	7.142148
934455232.000000,	56.959156,	7.247981
935453952.000000,	56.967503,	7.128715
936452672.000000,	56.983782,	6.935271
937451392.000000,	56.968181,	7.112067
938450048.000000,	56.968091,	7.069309
939448768.000000,	56.978242,	7.031479
940447488.000000,	56.966412,	7.141954
941446144.000000,	56.974885,	7.097294
942444864.000000,	56.974529,	7.075093
943443584.000000,	56.972315,	7.059109
944442304.000000,	56.970891,	7.088880
945440960.000000,	56.983459,	7.037188
946439680.000000,	56.965456,	6.988615
947438400.000000,	56.974389,	7.050810
948437120.000000,	56.978877,	6.979468
949435776.000000,	56.969129,	7.064874
950434496.000000,	56.965144,	6.979423
951433216.000000,	56.962425,	7.153200
952431936.000000,	56.974894,	6.833750
953430592.000000,	56.950497,	7.004642
954429312.000000,	56.960767,	7.100149
955428032.000000,	56.962753,	6.968700
956426688.000000,	56.951492,	6.937416
957425408.000000,	56.954578,	6.970058
958424128.000000,	56.926941,	7.092878
959422848.000000,	56.932315,	6.992409
960421504.000000,	56.934262,	6.868578
961420224.000000,	56.912949,	6.943879
962418944.000000,	56.913783,	6.928837
963417664.000000,	56.893498,	6.828399
964416320.000000,	56.888968,	6.860947
965415040.000000,	56.874944,	6.854341
966413760.000000,	56.858641,	6.825959
967412480.000000,	56.847609,	6.783867
968411136.000000,	56.863774,	6.722342
969409856.000000,	56.837808,	6.747738
970408576.000000,	56.829011,	6.707484
971407232.000000,	56.823050,	6.804395
972405952.000000,	56.798421,	6.719194
973404672.000000,	56.795344,	6.631135
974403392.000000,	56.786385,	6.727152
975402048.000000,	56.770493,	6.604922
976400768.000000,	56.749475,	6.729524
977399488.000000,	56.742277,	6.742676
978398208.000000,	56.731938,	6.760607
979396864.000000,	56.719458,	6.729634
980395584.000000,	56.715293,	6.713609
981394304.000000,	56.719639,	6.590925
982393024.000000,	56.690426,	6.834755
983391680.000000,	56.674340,	6.610788
984390400.000000,	56.676801,	6.774909
985389120.000000,	56.660186,	6.753555
986387840.000000,	56.676477,	6.646974
987386496.000000,	56.656312,	6.621323
988385216.000000,	56.654064,	6.683459
989383936.000000,	56.644365,	6.611460
990382592.000000,	56.639809,	6.567779
991381312.000000,	56.617347,	6.798756
992380032.000000,	56.611958,	6.742924
993378752.000000,	56.588766,	6.858902
994377408.000000,	56.596346,	6.619016
995376128.000000,	56.588816,	6.631602
996374848.000000,	56.562428,	6.768767
997373568.000000,	56.554893,	6.755520
998372224.000000,	56.568271,	6.595877
999370944.000000,	56.554212,	6.757756
1000369664.000000,	56.543738,	6.875813
1001368384.000000,	56.538475,	6.852513
1002367040.000000,	56.530751,	6.816914
1003365760.000000,	56.537081,	6.777450
1004364480.000000,	56.538796,	6.916002
1005363136.000000,	56.532704,	6.948988
1006361856.000000,	56.534286,	6.842286
1007360576.000000,	56.526132,	6.839136
1008359296.000000,	56.530516,	7.046939
1009357952.000000,	56.509483,	7.128415
1010356672.000000,	56.504538,	6.974515
1011355392.000000,	56.502589,	7.068500
1012354112.000000,	56.512924,	6.778917
1013352768.000000,	56.502278,	6.936967
1014351488.000000,	56.499759,	6.892436
1015350208.000000,	56.491738,	7.051501
1016348928.000000,	56.497588,	6.967320
1017347584.000000,	56.509935,	7.056582
1018346304.000000,	56.461560,	7.182335
1019345024.000000,	56.489874,	7.069788
1020343680.000000,	56.485527,	7.166653
1021342400.000000,	56.477230,	7.124895
1022341120.000000,	56.492720,	7.111764
1023339840.000000,	56.495718,	7.110268
1024338496.000000,	56.490392,	7.099617
1025337216.000000,	56.505581,	7.016718
1026335936.000000,	56.511500,	6.978510
1027334656.000000,	56.498938,	7.098524
1028333312.000000,	56.495782,	7.272204
1029332032.000000,	56.516274,	7.154046
1030330752.000000,	56.515896,	7.016940
1031329472.000000,	56.512992,	7.166042
1032328128.000000,	56.525154,	7.048896
1033326848.000000,	56.522265,	7.106116
1034325568.000000,	56.524591,	7.081918
1035324224.000000,	56.533436,	7.161572
1036322944.000000,	56.540836,	7.023518
1037321664.000000,	56.557798,	7.037298
1038320384.000000,	56.546623,	7.181098
1039319040.000000,	56.544179,	7.026239
1040317760.000000,	56.552433,	7.073861
1041316480.000000,	56.562917,	7.089183
1042315200.000000,	56.551358,	7.087532
1043313856.000000,	56.553647,	7.114323
1044312576.000000,	56.558645,	7.197207
1045311296.000000,	56.553689,	7.127563
1046310016.000000,	56.563714,	6.904613
1047308672.000000,	56.578799,	6.997123
1048307392.000000,	56.568738,	7.069784
1049306112.000000,	56.573854,	6.905155
1050304768.000000,	56.554421,	7.033998
1051303488.000000,	56.560868,	7.067148
1052302208.000000,	56.569607,	6.919524
1053300928.000000,	56.571326,	6.882398
1054299584.000000,	56.576444,	6.956844
1055298304.000000,	56.559622,	6.870870
1056297024.000000,	56.558694,	6.865387
1057295744.000000,	56.540909,	7.002583
1058294400.000000,	56.541494,	6.921942
1059293120.000000,	56.560415,	6.778214
1060291840.000000,	56.544993,	6.888021
1061290560.000000,	56.548994,	6.915476
1062289216.000000,	56.565669,	6.899090
1063287936.000000,	56.537811,	7.010957
1064286656.000000,	56.548903,	6.923727
1065285312.000000,	56.554235,	6.846966
1066284032.000000,	56.555816,	6.789608
1067282752.000000,	56.555868,	6.832189
1068281472.000000,	56.551002,	6.890303
1069280128.000000,	56.550018,	6.745426
1070278848.000000,	56.528598,	6.902724
1071277568.000000,	56.535097,	6.951062
1072276288.000000,	56.532040,	6.797950
1073274944.000000,	56.524688,	6.871722
1074273664.000000,	56.510350,	6.812008
1075272320.000000,	56.500108,	6.902652
1076271104.000000,	56.508008,	6.673609
1077269760.000000,	56.459422,	6.909956
1078268544.000000,	56.469530,	6.839002
1079267200.000000,	56.454502,	6.834070
1080265856.000000,	56.440783,	6.822460
1081264640.000000,	56.437223,	6.777899
1082263296.000000,	56.435903,	6.739003
1083261952.000000,	56.424039,	6.784920
1084260736.000000,	56.412381,	6.928840
1085259392.000000,	56.419841,	6.750846
1086258048.000000,	56.415131,	6.891814
1087256832.000000,	56.418302,	6.964218
1088255488.000000,	56.431979,	6.897859
1089254272.000000,	56.434959,	6.847480
1090252928.000000,	56.459401,	6.917706
1091251584.000000,	56.469688,	6.914315
1092250368.000000,	56.482970,	6.841770
1093249024.000000,	56.483815,	6.935164
1094247680.000000,	56.465930,	6.968574
1095246464.000000,	56.486486,	6.931045
1096245120.000000,	56.486913,	6.976926
1097243776.000000,	56.489226,	6.916173
1098242560.000000,	56.478752,	7.050245
1099241216.000000,	56.468254,	7.053758
1100240000.000000,	56.476275,	7.042546
1101238656.000000,	56.462142,	7.046767
1102237312.000000,	56.464470,	6.954939
1103236096.000000,	56.463636,	6.985606
1104234752.000000,	56.454163,	7.096513
1105233408.000000,	56.463954,	6.981922
1106232192.000000,	56.440547,	7.054733
1107230848.000000,	56.443285,	7.077994
1108229632.000000,	56.443342,	7.162817
1109228288.000000,	56.447887,	7.143496
1110226944.000000,	56.453588,	7.019874
1111225728.000000,	56.465875,	7.105291
1112224384.000000,	56.463711,	7.204160
1113223040.000000,	56.475205,	7.162561
1114221824.000000,	56.472773,	7.222249
1115220480.000000,	56.480878,	7.376361
1116219136.000000,	56.502942,	7.179460
1117217920.000000,	56.521316,	7.070254
1118216576.000000,	56.498334,	7.207491
1119215360.000000,	56.507505,	7.207303
1120214016.000000,	56.507373,	7.132098
1121212672.000000,	56.511959,	7.118490
1122211456.000000,	56.508077,	7.329768
1123210112.000000,	56.496342,	7.326762
1124208768.000000,	56.510723,	7.150843
1125207552.000000,	56.503707,	7.244630
1126206208.000000,	56.479640,	7.285369
1127204992.000000,	56.486363,	7.250043
1128203648.000000,	56.473599,	7.175639
1129202304.000000,	56.480559,	7.254904
1130201088.000000,	56.497114,	7.153233
1131199744.000000,	56.486614,	7.407476
1132198400.000000,	56.496315,	7.227717
1133197184.000000,	56.502622,	7.270202
1134195840.000000,	56.528058,	7.341571
1135194496.000000,	56.531391,	7.384582
1136193280.000000,	56.554210,	7.338494
1137191936.000000,	56.565723,	7.503580
1138190720.000000,	56.582423,	7.319569
1139189376.000000,	56.597824,	7.420690
1140188032.000000,	56.613894,	7.313635
1141186816.000000,	56.624824,	7.192451
1142185472.000000,	56.629148,	7.377558
1143184128.000000,	56.631041,	7.275071
1144182912.000000,	56.649999,	7.192823
1145181568.000000,	56.659887,	7.230386
1146180224.000000,	56.641188,	7.340971
1147179008.000000,	56.633738,	7.403484
1148177664.000000,	56.621919,	7.402668
1149176448.000000,	56.647883,	7.166042
1150175104.000000,	56.637455,	7.258377
1151173760.000000,	56.631538,	7.302881
1152172544.000000,	56.633341,	7.229783
1153171200.000000,	56.633407,	7.310109
1154169856.000000,	56.652739,	7.171415
1155168640.000000,	56.638088,	7.183986
1156167296.000000,	56.644225,	7.165533
1157166080.000000,	56.619054,	7.304695
1158164736.000000,	56.653383,	7.285800
1159163392.000000,	56.675335,	7.148396
1160162176.000000,	56.690683,	7.043387
1161160832.000000,	56.687110,	7.243976
1162159488.000000,	56.694897,	7.180027
1163158272.000000,	56.703861,	7.144715
1164156928.000000,	56.711193,	7.186681
1165155584.000000,	56.732217,	7.080069
1166154368.000000,	56.730031,	7.219956
1167153024.000000,	56.742095,	7.083387
1168151808.000000,	56.733610,	7.035673
1169150464.000000,	56.736577,	7.140569
1170149120.000000,	56.729141,	7.192439
1171147904.000000,	56.723499,	7.217415
1172146560.000000,	56.730707,	7.105969
1173145216.000000,	56.712915,	7.133603
1174144000.000000,	56.715062,	7.056087
1175142656.000000,	56.698358,	7.188572
1176141312.000000,	56.703421,	7.191300
1177140096.000000,	56.695478,	7.143620
1178138752.000000,	56.689408,	7.211337
1179137536.000000,	56.697767,	7.123693
1180136192.000000,	56.687485,	7.207221
1181134848.000000,	56.692702,	7.160668
1182133632.000000,	56.679392,	7.174415
1183132288.000000,	56.697102,	7.228422
1184130944.000000,	56.695489,	7.170780
1185129728.000000,	56.712673,	7.101019
1186128384.000000,	56.698688,	7.149912
1187127168.000000,	56.701878,	7.106877
1188125824.000000,	56.697523,	7.087978
1189124480.000000,	56.711904,	7.009109
1190123264.000000,	56.697582,	7.127415
1191121920.000000,	56.707300,	7.085682
1192120576.000000,	56.693033,	7.099526
1193119360.000000,	56.686794,	6.999361
1194118016.000000,	56.678768,	7.159411
1195116672.000000,	56.676013,	7.109401
1196115456.000000,	56.668853,	7.090158
1197114112.000000,	56.648510,	7.061969
1198112896.000000,	56.658171,	7.078650
1199111552.000000,	56.648427,	7.070116
1200110208.000000,	56.643606,	7.147325
1201108992.000000,	56.642962,	7.008464
1202107648.000000,	56.659152,	7.129985
1203106304.000000,	56.641918,	7.033076
1204105088.000000,	56.635994,	7.137151
1205103744.000000,	56.628182,	7.214323
1206102528.000000,	56.654132,	7.015094
1207101184.000000,	56.630397,	7.185924
1208099840.000000,	56.661322,	7.093830
1209098624.000000,	56.654703,	7.072765
1210097280.000000,	56.656791,	7.066023
1211095936.000000,	56.649303,	6.991665
1212094720.000000,	56.631044,	7.175297
1213093376.000000,	56.654804,	6.976102
1214092032.000000,	56.642731,	7.117821
1215090816.000000,	56.622714,	7.255454
1216089472.000000,	56.639357,	7.212040
1217088256.000000,	56.657948,	7.036340
1218086912.000000,	56.640983,	7.248644
1219085568.000000,	56.650949,	7.210975
1220084352.000000,	56.650317,	7.236302
1221083008.000000,	56.664121,	7.189206
1222081664.000000,	56.665995,	7.303558
1223080448.000000,	56.674233,	7.217972
1224079104.000000,	56.680665,	7.430054
1225077760.000000,	56.696712,	7.317535
1226076544.000000,	56.709709,	7.335485
1227075200.000000,	56.698356,	7.420383
1228073984.000000,	56.717829,	7.351258
1229072640.000000,	56.719430,	7.386141
1230071296.000000,	56.708204,	7.458057
1231070080.000000,	56.745351,	7.324026
1232068736.000000,	56.738099,	7.542198
1233067392.000000,	56.742624,	7.592125
1234066176.000000,	56.748999,	7.332277
1235064832.000000,	56.741045,	7.384175
1236063616.000000,	56.754289,	7.426344
1237062272.000000,	56.758330,	7.408205
1238060928.000000,	56.762731,	7.472460
1239059712.000000,	56.759912,	7.542550
1240058368.000000,	56.773627,	7.469511
1241057024.000000,	56.784365,	7.465445
1242055808.000000,	56.773985,	7.413798
1243054464.000000,	56.790599,	7.514435
1244053120.000000,	56.819170,	7.351763
1245051904.000000,	56.816517,	7.573379
1246050560.000000,	56.835027,	7.543238
1247049344.000000,	56.848431,	7.498481
1248048000.000000,	56.861728,	7.541881
1249046656.000000,	56.884411,	7.488614
1250045440.000000,	56.881277,	7.554143
1251044096.000000,	56.908645,	7.542412
1252042752.000000,	56.915998,	7.487846
1253041536.000000,	56.932413,	7.430594
1254040192.000000,	56.941917,	7.521004
1255038848.000000,	56.948155,	7.553090
1256037632.000000,	56.951617,	7.566224
1257036288.000000,	56.960373,	7.638665
1258035072.000000,	56.982086,	7.437799
1259033728.000000,	56.958871,	7.639348
1260032384.000000,	56.975190,	7.526389
1261031168.000000,	56.988798,	7.544525
1262029824.000000,	56.972926,	7.600541
1263028480.000000,	56.986946,	7.593750
1264027264.000000,	56.992457,	7.604852
1265025920.000000,	57.000286,	7.585260
1266024704.000000,	57.019211,	7.684150
1267023360.000000,	57.019698,	7.667902
1268022016.000000,	57.041661,	7.619661
1269020800.000000,	57.039310,	7.609993
1270019456.000000,	57.069193,	7.486336
1271018112.000000,	57.080880,	7.511370
1272016896.000000,	57.075882,	7.511760
1273015552.000000,	57.092063,	7.584830
1274014208.000000,	57.113611,	7.497927
1275012992.000000,	57.113725,	7.637197
1276011648.000000,	57.124294,	7.603972
1277010432.000000,	57.131414,	7.544291
1278009088.000000,	57.137053,	7.636615
1279007744.000000,	57.151300,	7.578331
1280006528.000000,	57.166604,	7.429211
1281005184.000000,	57.171365,	7.489316
1282003840.000000,	57.165204,	7.617829
1283002624.000000,	57.164494,	7.434998
1284001280.000000,	57.171519,	7.511665
1285000064.000000,	57.171480,	7.488571
1285998720.000000,	57.200952,	7.344325
1286997376.000000,	57.187619,	7.440430
1287996160.000000,	57.184067,	7.413526
1288994816.000000,	57.212362,	7.205853
1289993472.000000,	57.205439,	7.433697
1290992256.000000,	57.214260,	7.180211
1291990912.000000,	57.236601,	7.074928
1292989568.000000,	57.220731,	7.228233
1293988352.000000,	57.246799,	7.153925
1294987008.000000,	57.240280,	7.176969
1295985792.000000,	57.232108,	7.383761
1296984448.000000,	57.251032,	7.130648
1297983104.000000,	57.238183,	7.243144
1298981888.000000,	57.270175,	6.947632
1299980544.000000,	57.255896,	7.077519
1300979200.000000,	57.252422,	7.074565
1301977984.000000,	57.252524,	7.080074
1302976640.000000,	57.248733,	7.070972
1303975296.000000,	57.247023,	7.072638
1304974080.000000,	57.254526,	6.841761
1305972736.000000,	57.236539,	7.030824
1306971520.000000,	57.243684,	6.944000
1307970176.000000,	57.236464,	6.887095
1308968832.000000,	57.239180,	6.871146
1309967616.000000,	57.227157,	6.944053
1310966272.000000,	57.224840,	6.838357
1311964928.000000,	57.216803,	6.872376
1312963712.000000,	57.197337,	7.021410
1313962368.000000,	57.207836,	6.816692
1314961152.000000,	57.200669,	6.795946
1315959808.000000,	57.222310,	6.671076
1316958464.000000,	57.192815,	6.874306
1317957248.000000,	57.200425,	6.682653
1318955904.000000,	57.192668,	6.791468
1319954560.000000,	57.186305,	6.793588
1320953344.000000,	57.189225,	6.631326
1321952000.000000,	57.191496,	6.706811
1322950656.000000,	57.197442,	6.576913
1323949440.000000,	57.188151,	6.707869
1324948096.000000,	57.167090,	6.705341
1325946880.000000,	57.163557,	6.752890
1326945536.000000,	57.151908,	6.680522
1327944192.000000,	57.165783,	6.624896
1328942976.000000,	57.152227,	6.580364
1329941632.000000,	57.146267,	6.567611
1330940288.000000,	57.146355,	6.648538
1331939072.000000,	57.152055,	6.419980
1332937728.000000,	57.132929,	6.599183
1333936384.000000,	57.126315,	6.620911
1334935168.000000,	57.103100,	6.758768
1335933824.000000,	57.094484,	6.692972
1336932608.000000,	57.109579,	6.628677
1337931264.000000,	57.094561,	6.735475
1338929920.000000,	57.087390,	6.723271
1339928704.000000,	57.072401,	6.710159
1340927360.000000,	57.075378,	6.666629
1341926016.000000,	57.069763,	6.717069
1342924800.000000,	57.064645,	6.755137
1343923456.000000,	57.076953,	6.505381
1344922240.000000,	57.066730,	6.661808
1345920896.000000,	57.058020,	6.686027
1346919552.000000,	57.050150,	6.740493
1347918336.000000,	57.036073,	6.824136
1348916992.000000,	57.038486,	6.867337
1349915648.000000,	57.032035,	6.754545
1350914432.000000,	57.024497,	6.731862
1351913088.000000,	57.033268,	6.724402
1352911744.000000,	57.026708,	6.748186
1353910528.000000,	57.012409,	6.932001
1354909184.000000,	56.997814,	6.899725
1355907968.000000,	56.986437,	6.894773
1356906624.000000,	57.000843,	7.014036
1357905280.000000,	56.987035,	6.866693
1358904064.000000,	56.963351,	7.042720
1359902720.000000,	56.960955,	6.871633
1360901376.000000,	56.944225,	6.949601
1361900160.000000,	56.943661,	6.906664
1362898816.000000,	56.950037,	6.712492
1363897472.000000,	56.954321,	6.690831
1364896256.000000,	56.935810,	6.799058
1365894912.000000,	56.932258,	6.869055
1366893696.000000,	56.932332,	6.824403
1367892352.000000,	56.927788,	6.896360
1368891008.000000,	56.934999,	6.945993
1369889792.000000,	56.921255,	6.985197
1370888448.000000,	56.924649,	7.119880
1371887104.000000,	56.939050,	6.923372
1372885888.000000,	56.944341,	6.849571
1373884544.000000,	56.940237,	6.913710
1374883328.000000,	56.954827,	6.804754
1375881984.000000,	56.942730,	6.946732
1376880640.000000,	56.935286,	7.025484
1377879424.000000,	56.955785,	6.741483
1378878080.000000,	56.929633,	7.041662
1379876736.000000,	56.931937,	7.015626
1380875520.000000,	56.930911,	6.981748
1381874176.000000,	56.933321,	6.858215
1382872832.000000,	56.925585,	6.976433
1383871616.000000,	56.908720,	7.032053
1384870272.000000,	56.894200,	7.181585
1385869056.000000,	56.904765,	7.015821
1386867712.000000,	56.889721,	7.106010
1387866368.000000,	56.893353,	7.113463
1388865152.000000,	56.891362,	7.040861
1389863808.000000,	56.874390,	7.205103
1390862464.000000,	56.868031,	7.210752
1391861248.000000,	56.867142,	7.117219
1392859904.000000,	56.889887,	7.057317
1393858688.000000,	56.877382,	7.203560
1394857344.000000,	56.873329,	7.291268
1395856000.000000,	56.867244,	7.372877
1396854784.000000,	56.888400,	7.316666
1397853440.000000,	56.866201,	7.437742
1398852096.000000,	56.881973,	7.451914
1399850880.000000,	56.872431,	7.440612
1400849536.000000,	56.879877,	7.468325
1401848192.000000,	56.850223,	7.660645
1402846976.000000,	56.862305,	7.715022
1403845632.000000,	56.854649,	7.693406
1404844416.000000,	56.836822,	7.799398
1405843072.000000,	56.824088,	7.959314
1406841728.000000,	56.805981,	8.122370
1407840512.000000,	56.800925,	8.143010
1408839168.000000,	56.783299,	8.342589
1409837824.000000,	56.769115,	8.441449
1410836608.000000,	56.745344,	8.632872
1411835264.000000,	56.746948,	8.628416
1412833920.000000,	56.746721,	8.611861
1413832704.000000,	56.751949,	8.505658
1414831360.000000,	56.735811,	8.712700
1415830144.000000,	56.750666,	8.553446
1416828800.000000,	56.731055,	8.681458
1417827456.000000,	56.735609,	8.516153
1418826240.000000,	56.715400,	8.517197
1419824896.000000,	56.727322,	8.513429
1420823552.000000,	56.760910,	8.366585
1421822336.000000,	56.748391,	8.379294
1422820992.000000,	56.758669,	8.290783
1423819776.000000,	56.754551,	8.338515
1424818432.000000,	56.764930,	8.261729
1425817088.000000,	56.755158,	8.411310
1426815872.000000,	56.755497,	8.155937
1427814528.000000,	56.752890,	8.232243
1428813184.000000,	56.758350,	8.281438
1429811968.000000,	56.760203,	8.138196
1430810624.000000,	56.740306,	8.149545
1431809280.000000,	56.733717,	8.184134
1432808064.000000,	56.729202,	8.140524
1433806720.000000,	56.744105,	8.060801
1434805504.000000,	56.711974,	8.178460
1435804160.000000,	56.713590,	8.121303
1436802816.000000,	56.681810,	8.154746
1437801600.000000,	56.684867,	8.276039
1438800256.000000,	56.692862,	8.010254
1439798912.000000,	56.677260,	8.140497
1440797696.000000,	56.695078,	8.051732
1441796352.000000,	56.684537,	8.109771
1442795008.000000,	56.678353,	8.051337
1443793792.000000,	56.679989,	7.998896
1444792448.000000,	56.658760,	8.033412
1445791232.000000,	56.669424,	7.990753
1446789888.000000,	56.657352,	7.912689
1447788544.000000,	56.680855,	7.811917
1448787328.000000,	56.656121,	7.832509
1449785984.000000,	56.646621,	7.835313
1450784640.000000,	56.652078,	7.703574
1451783424.000000,	56.642128,	7.850901
1452782080.000000,	56.617269,	7.851592
1453780864.000000,	56.617913,	7.698949
1454779520.000000,	56.615922,	7.668479
1455778176.000000,	56.596676,	7.724948
1456776960.000000,	56.595693,	7.694925
1457775616.000000,	56.595747,	7.561868
1458774272.000000,	56.576120,	7.627651
1459773056.000000,	56.574209,	7.518681
1460771712.000000,	56.573973,	7.528672
1461770368.000000,	56.573276,	7.577244
1462769152.000000,	56.557634,	7.476415
1463767808.000000,	56.571759,	7.507845
1464766592.000000,	56.569366,	7.480428
1465765248.000000,	56.571922,	7.486023
1466763904.000000,	56.568515,	7.486783
1467762688.000000,	56.566430,	7.363293
1468761344.000000,	56.573447,	7.534941
1469760000.000000,	56.565088,	7.371225
1470758784.000000,	56.553531,	7.487673
1471757440.000000,	56.570290,	7.464958
1472756224.000000,	56.558441,	7.530734
1473754880.000000,	56.575764,	7.474000
1474753536.000000,	56.581507,	7.371725
1475752320.000000,	56.562719,	7.440200
1476750976.000000,	56.581217,	7.329383
1477749632.000000,	56.561207,	7.541687
1478748416.000000,	56.580548,	7.506732
1479747072.000000,	56.576952,	7.667267
1480745728.000000,	56.581563,	7.740317
1481744512.000000,	56.600125,	7.695307
1482743168.000000,	56.600368,	7.635355
1483741952.000000,	56.615231,	7.738349
1484740608.000000,	56.624265,	7.769649
1485739264.000000,	56.641328,	7.760108
1486738048.000000,	56.639860,	7.886728
1487736704.000000,	56.664591,	7.782938
1488735360.000000,	56.670081,	7.767222
1489734144.000000,	56.670576,	7.723114
1490732800.000000,	56.648241,	7.875278
1491731456.000000,	56.650890,	7.833775
1492730240.000000,	56.645359,	7.861660
1493728896.000000,	56.662448,	7.670760
1494727680.000000,	56.636973,	7.778154
1495726336.000000,	56.654231,	7.647494
1496724992.000000,	56.650467,	7.634791
1497723776.000000,	56.648945,	7.495131
1498722432.000000,	56.645541,	7.666468
1499721088.000000,	56.648942,	7.538744
1500719872.000000,	56.634897,	7.616725
1501718528.000000,	56.631554,	7.709679
1502717312.000000,	56.630775,	7.842976
1503715968.000000,	56.641256,	7.546489
1504714624.000000,	56.648351,	7.582636
1505713408.000000,	56.656244,	7.518894
1506712064.000000,	56.649855,	7.652954
1507710720.000000,	56.670167,	7.561935
1508709504.000000,	56.674412,	7.661309
1509708160.000000,	56.687168,	7.636682
1510706816.000000,	56.689039,	7.621978
1511705600.000000,	56.716885,	7.380789
1512704256.000000,	56.700043,	7.449736
1513703040.000000,	56.697574,	7.639151
1514701696.000000,	56.709514,	7.748513
1515700352.000000,	56.726365,	7.602124
1516699136.000000,	56.717641,	7.566881
1517697792.000000,	56.708461,	7.728398
1518696448.000000,	56.716098,	7.746109
1519695232.000000,	56.724420,	7.658336
1520693888.000000,	56.712032,	7.660701
1521692544.000000,	56.693182,	7.829667
1522691328.000000,	56.690393,	7.736281
1523689984.000000,	56.691463,	7.716538
1524688768.000000,	56.695936,	7.721187
1525687424.000000,	56.687411,	7.707793
1526686080.000000,	56.673540,	7.769176
1527684864.000000,	56.653052,	7.909137
1528683520.000000,	56.660938,	7.737684
1529682176.000000,	56.676051,	7.707540
1530680960.000000,	56.650872,	7.934613
1531679616.000000,	56.684268,	7.652029
1532678400.000000,	56.686887,	7.838851
1533677056.000000,	56.714701,	7.613783
1534675712.000000,	56.694250,	7.782421
1535674496.000000,	56.725776,	7.543502
1536673152.000000,	56.716839,	7.668557
1537671808.000000,	56.732714,	7.661368
1538670592.000000,	56.730494,	7.622288
1539669248.000000,	56.734402,	7.570478
1540667904.000000,	56.703359,	7.776292
1541666688.000000,	56.720106,	7.590482
1542665344.000000,	56.714813,	7.576083
1543664128.000000,	56.705664,	7.575441
1544662784.000000,	56.688939,	7.592888
1545661440.000000,	56.660038,	7.678681
1546660224.000000,	56.670936,	7.550334
1547658880.000000,	56.637950,	7.515655
1548657536.000000,	56.618855,	7.457527
1549656320.000000,	56.606307,	7.368602
1550654976.000000,	56.601277,	7.486552
1551653760.000000,	56.565709,	7.581408
1552652416.000000,	56.558043,	7.567533
1553651072.000000,	56.548924,	7.354263
1554649856.000000,	56.540956,	7.339670
1555648512.000000,	56.530519,	7.547844
1556647168.000000,	56.545260,	7.326821
1557645952.000000,	56.525511,	7.288973
1558644608.000000,	56.526827,	7.483233
1559643264.000000,	56.517349,	7.463432
1560642048.000000,	56.522045,	7.355617
1561640704.000000,	56.500302,	7.336827
1562639488.000000,	56.504195,	7.363999
1563638144.000000,	56.489433,	7.477033
1564636800.000000,	56.474976,	7.563295
1565635584.000000,	56.467730,	7.421357
1566634240.000000,	56.467613,	7.275759
1567632896.000000,	56.437441,	7.359745
1568631680.000000,	56.412391,	7.574762
1569630336.000000,	56.421744,	7.345758
1570628992.000000,	56.386125,	7.259213
1571627776.000000,	56.361161,	7.347060
1572626432.000000,	56.340848,	7.312049
1573625216.000000,	56.311971,	7.469787
1574623872.000000,	56.297775,	7.372815
1575622528.000000,	56.276174,	7.495156
1576621312.000000,	56.258874,	7.473748
1577619968.000000,	56.254186,	7.401121
1578618624.000000,	56.249141,	7.396756
1579617408.000000,	56.250941,	7.372785
1580616064.000000,	56.236222,	7.329313
1581614848.000000,	56.223443,	7.399113
1582613504.000000,	56.230776,	7.480757
1583612160.000000,	56.244393,	7.292234
1584610944.000000,	56.223145,	7.420734
1585609600.000000,	56.225913,	7.450808
1586608256.000000,	56.212022,	7.483315
1587607040.000000,	56.207338,	7.568266
1588605696.000000,	56.200013,	7.561479
1589604352.000000,	56.203052,	7.484499
1590603136.000000,	56.192263,	7.533943
1591601792.000000,	56.181709,	7.548094
1592600576.000000,	56.190822,	7.530712
1593599232.000000,	56.153312,	7.721487
1594597888.000000,	56.163358,	7.677772
1595596672.000000,	56.145011,	7.794340
1596595328.000000,	56.140480,	7.614941
1597593984.000000,	56.112560,	7.873557
1598592768.000000,	56.117881,	7.595360
1599591424.000000,	56.100039,	7.677782
1600590080.000000,	56.091889,	7.699267
1601588864.000000,	56.108039,	7.523340
1602587520.000000,	56.087646,	7.546386
1603586304.000000,	56.079504,	7.646063
1604584960.000000,	56.088086,	7.601815
1605583616.000000,	56.080654,	7.575463
1606582400.000000,	56.080121,	7.527633
1607581056.000000,	56.085095,	7.471589
1608579712.000000,	56.058953,	7.774425
1609578496.000000,	56.071299,	7.488973
1610577152.000000,	56.064834,	7.508458
1611575936.000000,	56.064674,	7.582759
1612574592.000000,	56.053778,	7.552140
1613573248.000000,	56.058564,	7.594728
1614572032.000000,	56.045694,	7.631000
1615570688.000000,	56.047263,	7.494151
1616569344.000000,	56.036373,	7.577307
1617568128.000000,	56.015429,	7.603289
1618566784.000000,	56.009535,	7.720701
1619565440.000000,	56.001789,	7.577524
1620564224.000000,	55.996791,	7.677350
1621562880.000000,	55.995423,	7.569808
1622561664.000000,	56.002823,	7.545146
1623560320.000000,	55.985550,	7.647918
1624558976.000000,	55.979507,	7.706525
1625557760.000000,	55.979381,	7.667744
1626556416.000000,	55.976082,	7.682613
1627555072.000000,	55.986067,	7.601065
1628553856.000000,	55.973212,	7.614474
1629552512.000000,	55.974267,	7.597244
1630551296.000000,	55.974692,	7.640460
1631549952.000000,	55.971983,	7.531386
1632548608.000000,	55.961232,	7.656317
1633547392.000000,	55.973783,	7.530253
1634546048.000000,	55.959102,	7.623215
1635544704.000000,	55.966143,	7.493073
1636543488.000000,	55.957235,	7.691718
1637542144.000000,	55.953912,	7.547230
1638540800.000000,	55.968737,	7.499890
1639539584.000000,	55.953039,	7.457344
1640538240.000000,	55.953890,	7.436583
1641537024.000000,	55.959144,	7.538713
1642535680.000000,	55.944965,	7.674006
1643534336.000000,	55.930428,	7.596354
1644533120.000000,	55.933912,	7.575076
1645531776.000000,	55.909098,	7.642082
1646530432.000000,	55.932885,	7.570282
1647529216.000000,	55.919046,	7.635170
1648527872.000000,	55.908349,	7.552319
1649526528.000000,	55.901639,	7.687380
1650525312.000000,	55.887653,	7.636467
1651523968.000000,	55.884849,	7.645196
1652522752.000000,	55.884514,	7.543619
1653521408.000000,	55.879957,	7.572723
1654520064.000000,	55.862929,	7.636417
1655518848.000000,	55.832202,	7.821853
1656517504.000000,	55.831030,	7.972973
1657516160.000000,	55.806658,	7.902151
1658514944.000000,	55.793904,	8.059907
1659513600.000000,	55.768225,	8.085536
1660512384.000000,	55.762100,	8.027765
1661511040.000000,	55.750283,	8.065849
1662509696.000000,	55.716270,	8.218797
1663508480.000000,	55.672000,	8.352069
1664507136.000000,	55.658791,	8.284900
1665505792.000000,	55.615226,	8.608510
1666504576.000000,	55.594846,	8.487638
1667503232.000000,	55.564218,	8.595542
1668501888.000000,	55.559186,	8.642432
1669500672.000000,	55.517641,	8.929556

