% f (Hz),G_rec (dB),T_e_rec (K)
 900000000,  54.63,   7.07
 901000000,  54.62,   7.25
 902000000,  54.61,   7.36
 903000000,  54.60,   7.24
 904000000,  54.57,   7.26
 905000000,  54.56,   7.26
 906000000,  54.55,   7.17
 907000000,  54.54,   7.20
 908000000,  54.53,   7.24
 909000000,  54.52,   7.14
 910000000,  54.51,   7.19
 911000000,  54.50,   7.18
 912000000,  54.50,   7.32
 913000000,  54.49,   7.13
 914000000,  54.48,   7.20
 915000000,  54.47,   7.18
 916000000,  54.47,   7.22
 917000000,  54.46,   7.02
 918000000,  54.46,   7.02
 919000000,  54.46,   7.09
 920000000,  54.45,   7.19
 921000000,  54.45,   7.09
 922000000,  54.45,   6.90
 923000000,  54.45,   6.92
 924000000,  54.44,   7.16
 925000000,  54.46,   6.95
 926000000,  54.44,   7.11
 927000000,  54.45,   6.98
 928000000,  54.45,   7.25
 929000000,  54.46,   7.06
 930000000,  54.46,   6.97
 931000000,  54.46,   6.97
 932000000,  54.47,   7.04
 933000000,  54.47,   6.98
 934000000,  54.47,   7.17
 935000000,  54.48,   7.18
 936000000,  54.47,   6.98
 937000000,  54.48,   6.96
 938000000,  54.48,   6.85
 939000000,  54.48,   6.87
 940000000,  54.47,   7.07
 941000000,  54.47,   6.87
 942000000,  54.48,   7.00
 943000000,  54.48,   7.10
 944000000,  54.48,   6.90
 945000000,  54.48,   7.06
 946000000,  54.47,   6.98
 947000000,  54.47,   6.94
 948000000,  54.46,   7.05
 949000000,  54.46,   6.93
 950000000,  54.46,   7.08
 951000000,  54.46,   7.11
 952000000,  54.45,   6.91
 953000000,  54.45,   6.89
 954000000,  54.44,   6.89
 955000000,  54.43,   6.98
 956000000,  54.44,   7.13
 957000000,  54.43,   7.04
 958000000,  54.42,   6.93
 959000000,  54.41,   6.96
 960000000,  54.40,   7.08
 961000000,  54.39,   7.11
 962000000,  54.38,   6.97
 963000000,  54.37,   7.06
 964000000,  54.36,   7.12
 965000000,  54.35,   7.12
 966000000,  54.33,   6.99
 967000000,  54.32,   7.13
 968000000,  54.31,   7.12
 969000000,  54.30,   7.00
 970000000,  54.29,   7.04
 971000000,  54.28,   7.09
 972000000,  54.27,   7.05
 973000000,  54.27,   7.03
 974000000,  54.25,   7.11
 975000000,  54.26,   7.19
 976000000,  54.25,   7.06
 977000000,  54.24,   7.12
 978000000,  54.25,   7.17
 979000000,  54.24,   7.14
 980000000,  54.25,   7.23
 981000000,  54.25,   7.15
 982000000,  54.25,   7.16
 983000000,  54.26,   7.30
 984000000,  54.25,   7.23
 985000000,  54.25,   7.23
 986000000,  54.23,   7.12
 987000000,  54.20,   7.22
 988000000,  54.17,   7.25
 989000000,  54.14,   7.36
 990000000,  54.11,   7.50
 991000000,  54.09,   7.36
 992000000,  54.08,   7.43
 993000000,  54.06,   7.38
 994000000,  54.05,   7.40
 995000000,  54.05,   7.47
 996000000,  54.05,   7.47
 997000000,  54.05,   7.48
 998000000,  54.04,   7.60
 999000000,  54.05,   7.55
1000000000,  54.05,   7.63
1001000000,  54.05,   7.64
1002000000,  54.06,   7.69
1003000000,  54.07,   7.67
1004000000,  54.07,   7.62
1005000000,  54.07,   7.49
1006000000,  54.08,   7.63
1007000000,  54.08,   7.77
1008000000,  54.09,   7.66
1009000000,  54.09,   7.66
1010000000,  54.08,   7.70
1011000000,  54.11,   7.66
1012000000,  54.11,   7.59
1013000000,  54.13,   7.71
1014000000,  54.14,   7.81
1015000000,  54.13,   7.82
1016000000,  54.13,   7.68
1017000000,  54.14,   7.66
1018000000,  54.16,   7.81
1019000000,  54.15,   7.80
1020000000,  54.16,   7.75
1021000000,  54.17,   7.71
1022000000,  54.17,   7.67
1023000000,  54.18,   7.81
1024000000,  54.20,   7.87
1025000000,  54.20,   7.77
1026000000,  54.21,   7.84
1027000000,  54.22,   7.80
1028000000,  54.22,   7.91
1029000000,  54.24,   7.99
1030000000,  54.25,   7.96
1031000000,  54.26,   7.98
1032000000,  54.27,   7.93
1033000000,  54.27,   7.90
1034000000,  54.27,   7.98
1035000000,  54.29,   7.81
1036000000,  54.29,   7.90
1037000000,  54.29,   7.93
1038000000,  54.30,   7.75
1039000000,  54.30,   7.87
1040000000,  54.31,   7.99
1041000000,  54.31,   8.05
1042000000,  54.31,   8.02
1043000000,  54.31,   7.97
1044000000,  54.31,   7.95
1045000000,  54.31,   7.97
1046000000,  54.31,   7.80
1047000000,  54.31,   8.06
1048000000,  54.30,   8.11
1049000000,  54.30,   7.84
1050000000,  54.28,   7.91
1051000000,  54.29,   7.89
1052000000,  54.28,   7.88
1053000000,  54.29,   7.93
1054000000,  54.27,   7.98
1055000000,  54.27,   7.90
1056000000,  54.26,   7.95
1057000000,  54.26,   7.85
1058000000,  54.26,   7.95
1059000000,  54.25,   8.05
1060000000,  54.24,   7.92
1061000000,  54.24,   7.96
1062000000,  54.23,   8.00
1063000000,  54.23,   7.93
1064000000,  54.22,   7.95
1065000000,  54.22,   7.99
1066000000,  54.21,   7.99
1067000000,  54.21,   7.91
1068000000,  54.21,   8.01
1069000000,  54.20,   8.09
1070000000,  54.20,   8.06
1071000000,  54.19,   8.09
1072000000,  54.18,   8.03
1073000000,  54.17,   8.08
1074000000,  54.17,   8.01
1075000000,  54.17,   7.97
1076000000,  54.16,   8.20
1077000000,  54.16,   8.06
1078000000,  54.16,   8.08
1079000000,  54.16,   7.93
1080000000,  54.15,   8.02
1081000000,  54.16,   8.16
1082000000,  54.15,   8.18
1083000000,  54.16,   8.17
1084000000,  54.15,   8.10
1085000000,  54.15,   8.02
1086000000,  54.15,   8.19
1087000000,  54.14,   8.12
1088000000,  54.15,   8.10
1089000000,  54.16,   7.96
1090000000,  54.15,   7.93
1091000000,  54.15,   8.12
1092000000,  54.15,   8.04
1093000000,  54.14,   8.10
1094000000,  54.15,   8.24
1095000000,  54.15,   8.20
1096000000,  54.14,   8.20
1097000000,  54.16,   8.16
1098000000,  54.15,   8.28
1099000000,  54.15,   8.11
1100000000,  54.15,   8.24
1101000000,  54.14,   8.30
1102000000,  54.15,   8.42
1103000000,  54.15,   8.29
1104000000,  54.17,   8.35
1105000000,  54.16,   8.32
1106000000,  54.18,   8.27
1107000000,  54.18,   8.30
1108000000,  54.19,   8.24
1109000000,  54.20,   8.34
1110000000,  54.21,   8.41
1111000000,  54.21,   8.41
1112000000,  54.22,   8.42
1113000000,  54.22,   8.33
1114000000,  54.21,   8.26
1115000000,  54.23,   8.20
1116000000,  54.23,   8.37
1117000000,  54.24,   8.28
1118000000,  54.24,   8.53
1119000000,  54.24,   8.39
1120000000,  54.25,   8.47
1121000000,  54.26,   8.46
1122000000,  54.26,   8.44
1123000000,  54.27,   8.36
1124000000,  54.27,   8.44
1125000000,  54.28,   8.29
1126000000,  54.29,   8.51
1127000000,  54.30,   8.46
1128000000,  54.32,   8.49
1129000000,  54.32,   8.46
1130000000,  54.32,   8.38
1131000000,  54.34,   8.43
1132000000,  54.35,   8.27
1133000000,  54.36,   8.50
1134000000,  54.36,   8.53
1135000000,  54.38,   8.48
1136000000,  54.38,   8.58
1137000000,  54.39,   8.45
1138000000,  54.40,   8.28
1139000000,  54.40,   8.55
1140000000,  54.41,   8.32
1141000000,  54.42,   8.49
1142000000,  54.43,   8.29
1143000000,  54.44,   8.42
1144000000,  54.45,   8.39
1145000000,  54.46,   8.43
1146000000,  54.46,   8.41
1147000000,  54.47,   8.48
1148000000,  54.48,   8.49
1149000000,  54.48,   8.44
1150000000,  54.49,   8.56
1151000000,  54.50,   8.42
1152000000,  54.50,   8.44
1153000000,  54.50,   8.26
1154000000,  54.52,   8.38
1155000000,  54.51,   8.48
1156000000,  54.53,   8.41
1157000000,  54.53,   8.34
1158000000,  54.53,   8.18
1159000000,  54.53,   8.30
1160000000,  54.53,   8.44
1161000000,  54.53,   8.41
1162000000,  54.54,   8.33
1163000000,  54.55,   8.21
1164000000,  54.54,   8.22
1165000000,  54.55,   8.27
1166000000,  54.53,   8.30
1167000000,  54.54,   8.31
1168000000,  54.54,   8.47
1169000000,  54.53,   8.26
1170000000,  54.53,   8.25
1171000000,  54.54,   8.35
1172000000,  54.54,   8.32
1173000000,  54.53,   8.35
1174000000,  54.53,   8.25
1175000000,  54.52,   8.23
1176000000,  54.53,   8.26
1177000000,  54.52,   8.36
1178000000,  54.52,   8.32
1179000000,  54.52,   8.32
1180000000,  54.51,   8.25
1181000000,  54.51,   8.35
1182000000,  54.50,   8.28
1183000000,  54.50,   8.30
1184000000,  54.49,   8.37
1185000000,  54.48,   8.22
1186000000,  54.47,   8.31
1187000000,  54.45,   8.40
1188000000,  54.45,   8.31
1189000000,  54.45,   8.40
1190000000,  54.45,   8.36
1191000000,  54.44,   8.34
1192000000,  54.44,   8.24
1193000000,  54.42,   8.35
1194000000,  54.42,   8.38
1195000000,  54.42,   8.31
1196000000,  54.42,   8.47
1197000000,  54.41,   8.41
1198000000,  54.40,   8.45
1199000000,  54.41,   8.39
1200000000,  54.39,   8.39
1201000000,  54.40,   8.38
1202000000,  54.39,   8.48
1203000000,  54.39,   8.59
1204000000,  54.38,   8.44
1205000000,  54.39,   8.33
1206000000,  54.38,   8.37
1207000000,  54.38,   8.48
1208000000,  54.36,   8.52
1209000000,  54.37,   8.64
1210000000,  54.37,   8.43
1211000000,  54.36,   8.47
1212000000,  54.37,   8.47
1213000000,  54.36,   8.31
1214000000,  54.36,   8.58
1215000000,  54.35,   8.39
1216000000,  54.35,   8.57
1217000000,  54.35,   8.63
1218000000,  54.35,   8.34
1219000000,  54.36,   8.52
1220000000,  54.37,   8.53
1221000000,  54.37,   8.26
1222000000,  54.37,   8.55
1223000000,  54.38,   8.48
1224000000,  54.38,   8.45
1225000000,  54.39,   8.47
1226000000,  54.40,   8.46
1227000000,  54.40,   8.36
1228000000,  54.40,   8.52
1229000000,  54.41,   8.33
1230000000,  54.43,   8.49
1231000000,  54.43,   8.59
1232000000,  54.43,   8.46
1233000000,  54.44,   8.52
1234000000,  54.44,   8.43
1235000000,  54.45,   8.52
1236000000,  54.46,   8.36
1237000000,  54.47,   8.49
1238000000,  54.47,   8.45
1239000000,  54.49,   8.35
1240000000,  54.49,   8.39
1241000000,  54.51,   8.42
1242000000,  54.51,   8.38
1243000000,  54.52,   8.40
1244000000,  54.53,   8.26
1245000000,  54.54,   8.45
1246000000,  54.55,   8.34
1247000000,  54.56,   8.45
1248000000,  54.58,   8.41
1249000000,  54.59,   8.46
1250000000,  54.59,   8.38
1251000000,  54.61,   8.36
1252000000,  54.61,   8.42
1253000000,  54.63,   8.22
1254000000,  54.64,   8.14
1255000000,  54.66,   8.30
1256000000,  54.67,   8.26
1257000000,  54.67,   8.30
1258000000,  54.68,   8.31
1259000000,  54.70,   8.24
1260000000,  54.71,   8.12
1261000000,  54.72,   8.16
1262000000,  54.73,   8.26
1263000000,  54.74,   8.08
1264000000,  54.75,   8.18
1265000000,  54.77,   8.08
1266000000,  54.79,   8.07
1267000000,  54.79,   8.15
1268000000,  54.81,   8.11
1269000000,  54.83,   8.06
1270000000,  54.82,   7.94
1271000000,  54.84,   7.91
1272000000,  54.85,   7.91
1273000000,  54.85,   7.90
1274000000,  54.87,   7.96
1275000000,  54.89,   7.89
1276000000,  54.89,   7.91
1277000000,  54.89,   8.00
1278000000,  54.91,   7.99
1279000000,  54.92,   7.81
1280000000,  54.92,   7.91
1281000000,  54.93,   7.84
1282000000,  54.94,   7.94
1283000000,  54.94,   7.77
1284000000,  54.95,   7.74
1285000000,  54.96,   7.77
1286000000,  54.96,   7.89
1287000000,  54.97,   7.74
1288000000,  54.99,   7.88
1289000000,  54.99,   7.78
1290000000,  54.99,   7.86
1291000000,  55.01,   7.67
1292000000,  55.01,   7.71
1293000000,  55.00,   7.74
1294000000,  55.02,   7.61
1295000000,  55.02,   7.64
1296000000,  55.01,   7.65
1297000000,  55.02,   7.72
1298000000,  55.02,   7.50
1299000000,  55.02,   7.61
1300000000,  55.03,   7.80
1301000000,  55.03,   7.60
1302000000,  55.02,   7.53
1303000000,  55.02,   7.51
1304000000,  55.02,   7.58
1305000000,  55.03,   7.67
1306000000,  55.01,   7.52
1307000000,  55.02,   7.59
1308000000,  55.02,   7.56
1309000000,  55.01,   7.52
1310000000,  55.02,   7.44
1311000000,  55.00,   7.52
1312000000,  55.01,   7.65
1313000000,  55.01,   7.59
1314000000,  55.00,   7.62
1315000000,  55.00,   7.57
1316000000,  55.00,   7.75
1317000000,  54.99,   7.68
1318000000,  54.99,   7.51
1319000000,  54.99,   7.51
1320000000,  54.99,   7.57
1321000000,  54.98,   7.39
1322000000,  54.96,   7.59
1323000000,  54.97,   7.64
1324000000,  54.96,   7.67
1325000000,  54.95,   7.71
1326000000,  54.94,   7.57
1327000000,  54.94,   7.48
1328000000,  54.94,   7.63
1329000000,  54.93,   7.62
1330000000,  54.91,   7.51
1331000000,  54.91,   7.71
1332000000,  54.91,   7.57
1333000000,  54.90,   7.61
1334000000,  54.90,   7.63
1335000000,  54.90,   7.50
1336000000,  54.89,   7.75
1337000000,  54.89,   7.85
1338000000,  54.88,   7.92
1339000000,  54.88,   7.70
1340000000,  54.87,   7.68
1341000000,  54.87,   7.79
1342000000,  54.87,   7.77
1343000000,  54.85,   7.76
1344000000,  54.85,   7.78
1345000000,  54.85,   7.77
1346000000,  54.84,   7.87
1347000000,  54.83,   7.87
1348000000,  54.82,   7.87
1349000000,  54.82,   7.78
1350000000,  54.81,   7.86
1351000000,  54.81,   7.83
1352000000,  54.80,   7.82
1353000000,  54.80,   7.99
1354000000,  54.80,   7.63
1355000000,  54.79,   7.98
1356000000,  54.79,   8.06
1357000000,  54.80,   8.08
1358000000,  54.79,   7.94
1359000000,  54.79,   8.16
1360000000,  54.79,   7.93
1361000000,  54.80,   7.96
1362000000,  54.79,   7.97
1363000000,  54.80,   7.92
1364000000,  54.79,   8.27
1365000000,  54.80,   7.95
1366000000,  54.81,   8.03
1367000000,  54.81,   7.98
1368000000,  54.80,   8.22
1369000000,  54.80,   8.12
1370000000,  54.80,   8.10
1371000000,  54.80,   8.16
1372000000,  54.80,   8.10
1373000000,  54.80,   8.35
1374000000,  54.80,   8.22
1375000000,  54.80,   8.40
1376000000,  54.79,   8.34
1377000000,  54.79,   8.32
1378000000,  54.79,   8.20
1379000000,  54.78,   8.19
1380000000,  54.78,   8.27
1381000000,  54.79,   8.50
1382000000,  54.78,   8.34
1383000000,  54.78,   8.45
1384000000,  54.78,   8.32
1385000000,  54.79,   8.47
1386000000,  54.79,   8.39
1387000000,  54.77,   8.64
1388000000,  54.79,   8.58
1389000000,  54.80,   8.64
1390000000,  54.79,   8.63
1391000000,  54.81,   8.45
1392000000,  54.80,   8.52
1393000000,  54.80,   8.60
1394000000,  54.81,   8.58
1395000000,  54.82,   8.61
1396000000,  54.81,   8.52
1397000000,  54.81,   8.62
1398000000,  54.81,   8.64
1399000000,  54.81,   8.60
1400000000,  54.81,   8.63
1401000000,  54.82,   8.56
1402000000,  54.80,   8.59
1403000000,  54.80,   8.67
1404000000,  54.80,   8.71
1405000000,  54.79,   9.02
1406000000,  54.78,   8.74
1407000000,  54.78,   8.82
1408000000,  54.78,   8.88
1409000000,  54.77,   9.04
1410000000,  54.77,   8.94
1411000000,  54.77,   8.95
1412000000,  54.77,   9.25
1413000000,  54.76,   9.23
1414000000,  54.77,   9.23
1415000000,  54.78,   9.31
1416000000,  54.77,   9.21
1417000000,  54.78,   9.38
1418000000,  54.78,   9.27
1419000000,  54.78,   9.30
1420000000,  54.78,   9.11
1421000000,  54.79,   9.05
1422000000,  54.78,   9.18
1423000000,  54.79,   9.01
1424000000,  54.79,   9.02
1425000000,  54.79,   8.82
1426000000,  54.79,   8.64
1427000000,  54.78,   8.77
1428000000,  54.78,   8.84
1429000000,  54.77,   8.82
1430000000,  54.78,   8.68
1431000000,  54.77,   8.72
1432000000,  54.76,   8.70
1433000000,  54.76,   8.49
1434000000,  54.76,   8.63
1435000000,  54.75,   8.61
1436000000,  54.75,   8.65
1437000000,  54.74,   8.68
1438000000,  54.74,   8.72
1439000000,  54.74,   8.70
1440000000,  54.73,   8.64
1441000000,  54.73,   8.72
1442000000,  54.73,   8.76
1443000000,  54.71,   8.94
1444000000,  54.71,   9.07
1445000000,  54.71,   9.07
1446000000,  54.70,   9.01
1447000000,  54.69,   9.24
1448000000,  54.69,   9.12
1449000000,  54.69,   9.11
1450000000,  54.68,   9.14
1451000000,  54.68,   9.25
1452000000,  54.67,   9.00
1453000000,  54.66,   9.02
1454000000,  54.66,   9.13
1455000000,  54.66,   9.06
1456000000,  54.65,   8.96
1457000000,  54.65,   8.96
1458000000,  54.64,   8.85
1459000000,  54.63,   8.73
1460000000,  54.63,   8.79
1461000000,  54.63,   8.72
1462000000,  54.62,   8.78
1463000000,  54.61,   8.79
1464000000,  54.60,   8.79
1465000000,  54.60,   8.89
1466000000,  54.59,   8.84
1467000000,  54.58,   8.69
1468000000,  54.58,   8.69
1469000000,  54.57,   8.85
1470000000,  54.56,   8.69
1471000000,  54.55,   8.85
1472000000,  54.54,   8.98
1473000000,  54.53,   8.78
1474000000,  54.52,   8.78
1475000000,  54.51,   8.89
1476000000,  54.50,   8.97
1477000000,  54.50,   9.04
1478000000,  54.47,   9.00
1479000000,  54.47,   8.82
1480000000,  54.47,   9.06
1481000000,  54.46,   9.12
1482000000,  54.46,   9.11
1483000000,  54.45,   9.03
1484000000,  54.43,   9.11
1485000000,  54.43,   9.18
1486000000,  54.42,   9.10
1487000000,  54.41,   9.12
1488000000,  54.42,   9.08
1489000000,  54.39,   9.09
1490000000,  54.39,   9.05
1491000000,  54.39,   9.03
1492000000,  54.37,   9.31
1493000000,  54.37,   9.06
1494000000,  54.36,   9.07
1495000000,  54.36,   9.22
1496000000,  54.35,   9.12
1497000000,  54.34,   9.20
1498000000,  54.33,   9.19
1499000000,  54.33,   9.27
1500000000,  54.31,   9.38
1501000000,  54.30,   9.09
1502000000,  54.31,   9.17
1503000000,  54.30,   9.21
1504000000,  54.29,   9.22
1505000000,  54.28,   8.90
1506000000,  54.28,   9.10
1507000000,  54.28,   8.98
1508000000,  54.29,   9.15
1509000000,  54.26,   9.20
1510000000,  54.27,   9.06
1511000000,  54.26,   8.99
1512000000,  54.27,   8.97
1513000000,  54.26,   9.11
1514000000,  54.26,   9.18
1515000000,  54.25,   8.98
1516000000,  54.25,   8.95
1517000000,  54.25,   9.16
1518000000,  54.25,   9.09
1519000000,  54.24,   9.08
1520000000,  54.24,   9.03
1521000000,  54.23,   8.99
1522000000,  54.23,   9.14
1523000000,  54.23,   8.96
1524000000,  54.23,   8.80
1525000000,  54.23,   8.87
1526000000,  54.23,   8.86
1527000000,  54.23,   8.94
1528000000,  54.22,   8.94
1529000000,  54.22,   8.99
1530000000,  54.21,   8.92
1531000000,  54.22,   9.02
1532000000,  54.21,   8.82
1533000000,  54.20,   9.01
1534000000,  54.20,   8.82
1535000000,  54.20,   8.81
1536000000,  54.20,   8.83
1537000000,  54.20,   8.86
1538000000,  54.20,   8.81
1539000000,  54.19,   8.82
1540000000,  54.18,   8.78
1541000000,  54.19,   8.67
1542000000,  54.19,   8.75
1543000000,  54.18,   8.63
1544000000,  54.18,   8.79
1545000000,  54.17,   8.62
1546000000,  54.17,   8.46
1547000000,  54.17,   8.65
1548000000,  54.17,   8.64
1549000000,  54.16,   8.64
1550000000,  54.17,   8.61
1551000000,  54.15,   8.46
1552000000,  54.14,   8.59
1553000000,  54.15,   8.69
1554000000,  54.14,   8.65
1555000000,  54.14,   8.43
1556000000,  54.13,   8.37
1557000000,  54.13,   8.35
1558000000,  54.13,   8.52
1559000000,  54.12,   8.37
1560000000,  54.12,   8.25
1561000000,  54.11,   8.30
1562000000,  54.11,   8.29
1563000000,  54.10,   8.49
1564000000,  54.09,   8.30
1565000000,  54.09,   8.19
1566000000,  54.08,   8.19
1567000000,  54.06,   8.42
1568000000,  54.06,   8.44
1569000000,  54.07,   8.34
1570000000,  54.05,   8.36
1571000000,  54.03,   8.30
1572000000,  54.04,   8.39
1573000000,  54.03,   8.35
1574000000,  54.02,   8.19
1575000000,  54.01,   8.25
1576000000,  54.01,   8.29
1577000000,  53.99,   8.33
1578000000,  53.99,   8.44
1579000000,  53.98,   8.21
1580000000,  53.97,   8.29
1581000000,  53.96,   8.30
1582000000,  53.95,   8.32
1583000000,  53.93,   8.29
1584000000,  53.92,   8.35
1585000000,  53.92,   8.37
1586000000,  53.90,   8.39
1587000000,  53.89,   8.40
1588000000,  53.88,   8.43
1589000000,  53.86,   8.48
1590000000,  53.85,   8.26
1591000000,  53.84,   8.55
1592000000,  53.82,   8.48
1593000000,  53.80,   8.62
1594000000,  53.79,   8.56
1595000000,  53.78,   8.54
1596000000,  53.77,   8.52
1597000000,  53.74,   8.52
1598000000,  53.73,   8.54
1599000000,  53.71,   8.43
1600000000,  53.71,   8.70
1601000000,  53.68,   8.75
1602000000,  53.66,   8.60
1603000000,  53.65,   8.75
1604000000,  53.63,   8.76
1605000000,  53.61,   8.76
1606000000,  53.59,   8.78
1607000000,  53.58,   8.57
1608000000,  53.56,   8.81
1609000000,  53.54,   8.72
1610000000,  53.52,   8.75
1611000000,  53.52,   8.77
1612000000,  53.50,   8.86
1613000000,  53.48,   8.89
1614000000,  53.47,   8.98
1615000000,  53.45,   8.86
1616000000,  53.44,   8.85
1617000000,  53.43,   9.13
1618000000,  53.42,   8.93
1619000000,  53.41,   8.96
1620000000,  53.39,   9.12
1621000000,  53.37,   8.94
1622000000,  53.37,   9.00
1623000000,  53.35,   9.15
1624000000,  53.34,   9.05
1625000000,  53.33,   9.15
1626000000,  53.32,   9.21
1627000000,  53.31,   9.23
1628000000,  53.30,   9.32
1629000000,  53.28,   9.36
1630000000,  53.27,   9.32
1631000000,  53.28,   9.52
1632000000,  53.26,   9.46
1633000000,  53.26,   9.46
1634000000,  53.24,   9.45
1635000000,  53.24,   9.50
1636000000,  53.24,   9.44
1637000000,  53.23,   9.56
1638000000,  53.22,   9.59
1639000000,  53.22,   9.53
1640000000,  53.22,   9.44
1641000000,  53.23,   9.47
1642000000,  53.22,   9.52
1643000000,  53.22,   9.40
1644000000,  53.21,   9.43
1645000000,  53.21,   9.49
1646000000,  53.22,   9.38
1647000000,  53.22,   9.52
1648000000,  53.21,   9.45
1649000000,  53.22,   9.50
1650000000,  53.22,   9.29
1651000000,  53.23,   9.06
1652000000,  53.23,   9.35
1653000000,  53.23,   9.44
1654000000,  53.23,   9.32
1655000000,  53.23,   9.12
1656000000,  53.22,   9.32
1657000000,  53.23,   9.25
1658000000,  53.23,   9.28
1659000000,  53.23,   9.34
1660000000,  53.23,   9.34
1661000000,  53.24,   9.28
1662000000,  53.24,   9.32
1663000000,  53.26,   9.44
1664000000,  53.25,   9.21
1665000000,  53.27,   9.30
1666000000,  53.27,   9.27
1667000000,  53.28,   9.17
1668000000,  53.29,   9.20
1669000000,  53.30,   9.43
1670000000,  53.30,   9.25
