% f (Hz),G_rec (dB),T_e_rec (K)
  900000000,	56.22,	 7.61
  901000000,	56.21,	 7.55
  902000000,	56.19,	 7.33
  903000000,	56.18,	 7.59
  904000000,	56.17,	 7.47
  905000000,	56.15,	 7.47
  906000000,	56.13,	 7.50
  907000000,	56.12,	 7.37
  908000000,	56.11,	 7.52
  909000000,	56.10,	 7.56
  910000000,	56.09,	 7.35
  911000000,	56.08,	 7.49
  912000000,	56.07,	 7.30
  913000000,	56.06,	 7.46
  914000000,	56.06,	 7.58
  915000000,	56.05,	 7.41
  916000000,	56.04,	 7.50
  917000000,	56.04,	 7.41
  918000000,	56.03,	 7.45
  919000000,	56.03,	 7.37
  920000000,	56.03,	 7.47
  921000000,	56.03,	 7.51
  922000000,	56.03,	 7.35
  923000000,	56.02,	 7.49
  924000000,	56.03,	 7.33
  925000000,	56.02,	 7.35
  926000000,	56.02,	 7.59
  927000000,	56.02,	 7.38
  928000000,	56.02,	 7.38
  929000000,	56.02,	 7.36
  930000000,	56.02,	 7.37
  931000000,	56.02,	 7.45
  932000000,	56.02,	 7.32
  933000000,	56.02,	 7.35
  934000000,	56.02,	 7.43
  935000000,	56.01,	 7.36
  936000000,	56.01,	 7.30
  937000000,	56.01,	 7.38
  938000000,	56.01,	 7.45
  939000000,	56.00,	 7.37
  940000000,	56.00,	 7.52
  941000000,	56.00,	 7.34
  942000000,	55.99,	 7.42
  943000000,	55.99,	 7.43
  944000000,	55.98,	 7.47
  945000000,	55.98,	 7.42
  946000000,	55.96,	 7.19
  947000000,	55.95,	 7.31
  948000000,	55.95,	 7.08
  949000000,	55.94,	 7.36
  950000000,	55.93,	 7.30
  951000000,	55.92,	 7.28
  952000000,	55.91,	 7.30
  953000000,	55.89,	 7.30
  954000000,	55.88,	 7.36
  955000000,	55.87,	 7.13
  956000000,	55.85,	 7.51
  957000000,	55.83,	 7.36
  958000000,	55.81,	 7.34
  959000000,	55.80,	 7.36
  960000000,	55.78,	 7.28
  961000000,	55.76,	 7.28
  962000000,	55.73,	 7.33
  963000000,	55.71,	 7.31
  964000000,	55.69,	 7.44
  965000000,	55.67,	 7.26
  966000000,	55.65,	 7.43
  967000000,	55.64,	 7.35
  968000000,	55.62,	 7.39
  969000000,	55.60,	 7.31
  970000000,	55.58,	 7.44
  971000000,	55.56,	 7.38
  972000000,	55.54,	 7.41
  973000000,	55.52,	 7.29
  974000000,	55.50,	 7.44
  975000000,	55.48,	 7.63
  976000000,	55.47,	 7.53
  977000000,	55.45,	 7.56
  978000000,	55.43,	 7.52
  979000000,	55.41,	 7.41
  980000000,	55.40,	 7.48
  981000000,	55.38,	 7.70
  982000000,	55.36,	 7.67
  983000000,	55.35,	 7.64
  984000000,	55.33,	 7.74
  985000000,	55.31,	 7.91
  986000000,	55.30,	 7.55
  987000000,	55.28,	 7.66
  988000000,	55.27,	 7.77
  989000000,	55.25,	 7.80
  990000000,	55.24,	 7.72
  991000000,	55.23,	 7.88
  992000000,	55.21,	 7.81
  993000000,	55.21,	 7.79
  994000000,	55.20,	 7.94
  995000000,	55.19,	 7.88
  996000000,	55.17,	 7.94
  997000000,	55.17,	 8.00
  998000000,	55.16,	 7.97
  999000000,	55.16,	 7.95
 1000000000,	55.15,	 7.99
 1001000000,	55.15,	 8.00
 1002000000,	55.15,	 7.97
 1003000000,	55.14,	 8.06
 1004000000,	55.14,	 8.20
 1005000000,	55.14,	 8.14
 1006000000,	55.14,	 8.11
 1007000000,	55.14,	 8.19
 1008000000,	55.15,	 8.22
 1009000000,	55.14,	 8.13
 1010000000,	55.14,	 8.23
 1011000000,	55.15,	 8.21
 1012000000,	55.15,	 8.22
 1013000000,	55.15,	 8.14
 1014000000,	55.16,	 8.24
 1015000000,	55.17,	 8.21
 1016000000,	55.17,	 8.14
 1017000000,	55.17,	 8.47
 1018000000,	55.18,	 8.35
 1019000000,	55.19,	 8.27
 1020000000,	55.20,	 8.28
 1021000000,	55.20,	 8.30
 1022000000,	55.21,	 8.33
 1023000000,	55.22,	 8.57
 1024000000,	55.23,	 8.37
 1025000000,	55.24,	 8.39
 1026000000,	55.25,	 8.41
 1027000000,	55.26,	 8.32
 1028000000,	55.27,	 8.48
 1029000000,	55.28,	 8.53
 1030000000,	55.29,	 8.40
 1031000000,	55.29,	 8.51
 1032000000,	55.31,	 8.60
 1033000000,	55.32,	 8.60
 1034000000,	55.32,	 8.49
 1035000000,	55.33,	 8.51
 1036000000,	55.34,	 8.69
 1037000000,	55.35,	 8.62
 1038000000,	55.36,	 8.50
 1039000000,	55.37,	 8.66
 1040000000,	55.37,	 8.66
 1041000000,	55.38,	 8.59
 1042000000,	55.38,	 8.55
 1043000000,	55.39,	 8.56
 1044000000,	55.40,	 8.45
 1045000000,	55.40,	 8.56
 1046000000,	55.40,	 8.59
 1047000000,	55.41,	 8.72
 1048000000,	55.41,	 8.63
 1049000000,	55.41,	 8.66
 1050000000,	55.41,	 8.68
 1051000000,	55.42,	 8.65
 1052000000,	55.42,	 8.54
 1053000000,	55.42,	 8.63
 1054000000,	55.41,	 8.67
 1055000000,	55.41,	 8.69
 1056000000,	55.40,	 8.68
 1057000000,	55.40,	 8.66
 1058000000,	55.40,	 8.79
 1059000000,	55.40,	 8.63
 1060000000,	55.39,	 8.69
 1061000000,	55.38,	 8.66
 1062000000,	55.38,	 8.74
 1063000000,	55.37,	 8.57
 1064000000,	55.36,	 8.82
 1065000000,	55.35,	 8.67
 1066000000,	55.34,	 8.73
 1067000000,	55.33,	 8.80
 1068000000,	55.32,	 8.93
 1069000000,	55.31,	 8.53
 1070000000,	55.30,	 8.77
 1071000000,	55.29,	 8.70
 1072000000,	55.28,	 8.92
 1073000000,	55.27,	 8.86
 1074000000,	55.26,	 9.01
 1075000000,	55.25,	 8.85
 1076000000,	55.24,	 8.75
 1077000000,	55.23,	 8.73
 1078000000,	55.22,	 8.88
 1079000000,	55.20,	 8.90
 1080000000,	55.19,	 9.01
 1081000000,	55.18,	 8.88
 1082000000,	55.17,	 8.89
 1083000000,	55.16,	 8.91
 1084000000,	55.15,	 8.99
 1085000000,	55.15,	 9.02
 1086000000,	55.13,	 9.12
 1087000000,	55.13,	 9.05
 1088000000,	55.12,	 9.16
 1089000000,	55.11,	 8.98
 1090000000,	55.10,	 9.00
 1091000000,	55.10,	 9.14
 1092000000,	55.09,	 9.17
 1093000000,	55.08,	 9.14
 1094000000,	55.07,	 9.16
 1095000000,	55.06,	 9.13
 1096000000,	55.06,	 9.00
 1097000000,	55.05,	 9.15
 1098000000,	55.05,	 9.19
 1099000000,	55.05,	 9.08
 1100000000,	55.04,	 9.16
 1101000000,	55.04,	 9.23
 1102000000,	55.04,	 9.10
 1103000000,	55.04,	 9.01
 1104000000,	55.03,	 9.12
 1105000000,	55.03,	 9.24
 1106000000,	55.03,	 9.24
 1107000000,	55.03,	 9.17
 1108000000,	55.03,	 9.19
 1109000000,	55.03,	 9.24
 1110000000,	55.03,	 9.29
 1111000000,	55.03,	 9.23
 1112000000,	55.03,	 9.21
 1113000000,	55.04,	 9.31
 1114000000,	55.04,	 9.21
 1115000000,	55.04,	 9.20
 1116000000,	55.05,	 9.16
 1117000000,	55.05,	 9.25
 1118000000,	55.06,	 9.16
 1119000000,	55.06,	 9.17
 1120000000,	55.07,	 9.35
 1121000000,	55.08,	 9.17
 1122000000,	55.09,	 9.09
 1123000000,	55.09,	 9.32
 1124000000,	55.10,	 9.34
 1125000000,	55.11,	 9.41
 1126000000,	55.12,	 9.02
 1127000000,	55.13,	 9.22
 1128000000,	55.13,	 9.17
 1129000000,	55.14,	 9.10
 1130000000,	55.15,	 9.13
 1131000000,	55.16,	 9.28
 1132000000,	55.18,	 9.19
 1133000000,	55.18,	 9.12
 1134000000,	55.19,	 9.13
 1135000000,	55.20,	 9.04
 1136000000,	55.22,	 9.27
 1137000000,	55.22,	 9.23
 1138000000,	55.23,	 9.08
 1139000000,	55.24,	 8.98
 1140000000,	55.25,	 9.02
 1141000000,	55.26,	 9.24
 1142000000,	55.27,	 9.15
 1143000000,	55.28,	 9.03
 1144000000,	55.29,	 9.12
 1145000000,	55.29,	 9.13
 1146000000,	55.30,	 8.91
 1147000000,	55.31,	 9.02
 1148000000,	55.32,	 8.95
 1149000000,	55.32,	 9.07
 1150000000,	55.33,	 9.14
 1151000000,	55.33,	 8.95
 1152000000,	55.34,	 8.98
 1153000000,	55.34,	 9.05
 1154000000,	55.35,	 8.94
 1155000000,	55.36,	 8.98
 1156000000,	55.36,	 8.82
 1157000000,	55.36,	 9.02
 1158000000,	55.37,	 8.86
 1159000000,	55.37,	 9.04
 1160000000,	55.37,	 8.90
 1161000000,	55.37,	 8.99
 1162000000,	55.37,	 8.87
 1163000000,	55.37,	 8.82
 1164000000,	55.37,	 8.89
 1165000000,	55.38,	 8.85
 1166000000,	55.38,	 8.81
 1167000000,	55.37,	 8.77
 1168000000,	55.37,	 8.89
 1169000000,	55.37,	 8.87
 1170000000,	55.37,	 8.85
 1171000000,	55.36,	 8.84
 1172000000,	55.36,	 8.92
 1173000000,	55.35,	 8.94
 1174000000,	55.35,	 8.74
 1175000000,	55.34,	 8.80
 1176000000,	55.33,	 8.87
 1177000000,	55.33,	 8.87
 1178000000,	55.33,	 8.95
 1179000000,	55.32,	 9.10
 1180000000,	55.31,	 8.93
 1181000000,	55.31,	 8.91
 1182000000,	55.31,	 9.00
 1183000000,	55.30,	 9.04
 1184000000,	55.29,	 8.95
 1185000000,	55.29,	 8.90
 1186000000,	55.28,	 9.06
 1187000000,	55.27,	 9.03
 1188000000,	55.27,	 9.13
 1189000000,	55.26,	 9.00
 1190000000,	55.25,	 8.95
 1191000000,	55.25,	 9.14
 1192000000,	55.24,	 9.10
 1193000000,	55.23,	 9.12
 1194000000,	55.22,	 9.01
 1195000000,	55.22,	 9.12
 1196000000,	55.21,	 9.17
 1197000000,	55.20,	 9.12
 1198000000,	55.20,	 9.13
 1199000000,	55.19,	 9.10
 1200000000,	55.19,	 9.21
 1201000000,	55.18,	 9.30
 1202000000,	55.17,	 9.22
 1203000000,	55.17,	 9.14
 1204000000,	55.16,	 9.15
 1205000000,	55.16,	 9.33
 1206000000,	55.16,	 9.16
 1207000000,	55.15,	 9.24
 1208000000,	55.15,	 9.08
 1209000000,	55.15,	 9.24
 1210000000,	55.14,	 9.34
 1211000000,	55.14,	 9.24
 1212000000,	55.14,	 9.20
 1213000000,	55.13,	 9.22
 1214000000,	55.13,	 9.24
 1215000000,	55.13,	 9.32
 1216000000,	55.13,	 9.38
 1217000000,	55.13,	 9.38
 1218000000,	55.13,	 9.23
 1219000000,	55.13,	 9.37
 1220000000,	55.14,	 9.26
 1221000000,	55.14,	 9.35
 1222000000,	55.15,	 9.29
 1223000000,	55.16,	 9.32
 1224000000,	55.16,	 9.19
 1225000000,	55.17,	 9.39
 1226000000,	55.18,	 9.28
 1227000000,	55.19,	 9.25
 1228000000,	55.20,	 9.36
 1229000000,	55.20,	 9.30
 1230000000,	55.21,	 9.27
 1231000000,	55.23,	 9.19
 1232000000,	55.24,	 9.43
 1233000000,	55.25,	 9.23
 1234000000,	55.25,	 9.30
 1235000000,	55.26,	 9.34
 1236000000,	55.28,	 9.30
 1237000000,	55.29,	 9.06
 1238000000,	55.30,	 9.16
 1239000000,	55.31,	 9.16
 1240000000,	55.32,	 9.13
 1241000000,	55.33,	 9.14
 1242000000,	55.34,	 9.15
 1243000000,	55.36,	 9.17
 1244000000,	55.37,	 9.16
 1245000000,	55.38,	 9.27
 1246000000,	55.39,	 9.01
 1247000000,	55.40,	 9.16
 1248000000,	55.41,	 9.30
 1249000000,	55.42,	 9.17
 1250000000,	55.43,	 9.21
 1251000000,	55.44,	 9.17
 1252000000,	55.45,	 9.21
 1253000000,	55.46,	 8.97
 1254000000,	55.47,	 9.01
 1255000000,	55.48,	 9.14
 1256000000,	55.49,	 9.09
 1257000000,	55.50,	 9.09
 1258000000,	55.51,	 9.20
 1259000000,	55.52,	 9.15
 1260000000,	55.54,	 9.06
 1261000000,	55.55,	 9.12
 1262000000,	55.56,	 8.95
 1263000000,	55.57,	 8.97
 1264000000,	55.57,	 8.83
 1265000000,	55.59,	 8.95
 1266000000,	55.59,	 8.99
 1267000000,	55.60,	 8.96
 1268000000,	55.61,	 8.88
 1269000000,	55.62,	 8.76
 1270000000,	55.63,	 8.87
 1271000000,	55.63,	 8.79
 1272000000,	55.64,	 8.86
 1273000000,	55.65,	 8.81
 1274000000,	55.66,	 8.71
 1275000000,	55.66,	 8.64
 1276000000,	55.67,	 8.84
 1277000000,	55.67,	 8.71
 1278000000,	55.68,	 8.73
 1279000000,	55.68,	 8.72
 1280000000,	55.69,	 8.72
 1281000000,	55.68,	 8.72
 1282000000,	55.69,	 8.63
 1283000000,	55.69,	 8.75
 1284000000,	55.69,	 8.72
 1285000000,	55.69,	 8.63
 1286000000,	55.68,	 8.89
 1287000000,	55.68,	 8.62
 1288000000,	55.68,	 8.66
 1289000000,	55.68,	 8.67
 1290000000,	55.68,	 8.75
 1291000000,	55.67,	 8.64
 1292000000,	55.67,	 8.62
 1293000000,	55.67,	 8.60
 1294000000,	55.66,	 8.65
 1295000000,	55.65,	 8.68
 1296000000,	55.65,	 8.75
 1297000000,	55.64,	 8.65
 1298000000,	55.63,	 8.51
 1299000000,	55.63,	 8.76
 1300000000,	55.62,	 8.67
 1301000000,	55.61,	 8.58
 1302000000,	55.60,	 8.61
 1303000000,	55.59,	 8.59
 1304000000,	55.59,	 8.46
 1305000000,	55.57,	 8.63
 1306000000,	55.57,	 8.70
 1307000000,	55.56,	 8.48
 1308000000,	55.55,	 8.52
 1309000000,	55.54,	 8.61
 1310000000,	55.53,	 8.37
 1311000000,	55.52,	 8.38
 1312000000,	55.51,	 8.65
 1313000000,	55.49,	 8.55
 1314000000,	55.48,	 8.58
 1315000000,	55.47,	 8.63
 1316000000,	55.46,	 8.53
 1317000000,	55.45,	 8.60
 1318000000,	55.43,	 8.62
 1319000000,	55.42,	 8.55
 1320000000,	55.41,	 8.58
 1321000000,	55.40,	 8.63
 1322000000,	55.38,	 8.58
 1323000000,	55.37,	 8.52
 1324000000,	55.36,	 8.61
 1325000000,	55.35,	 8.66
 1326000000,	55.34,	 8.68
 1327000000,	55.33,	 8.55
 1328000000,	55.32,	 8.60
 1329000000,	55.30,	 8.72
 1330000000,	55.30,	 8.75
 1331000000,	55.29,	 8.47
 1332000000,	55.28,	 8.58
 1333000000,	55.27,	 8.66
 1334000000,	55.26,	 8.47
 1335000000,	55.25,	 8.70
 1336000000,	55.25,	 8.65
 1337000000,	55.24,	 8.77
 1338000000,	55.23,	 8.66
 1339000000,	55.23,	 8.48
 1340000000,	55.23,	 8.78
 1341000000,	55.22,	 8.70
 1342000000,	55.22,	 8.73
 1343000000,	55.22,	 8.68
 1344000000,	55.21,	 8.65
 1345000000,	55.21,	 8.79
 1346000000,	55.21,	 8.66
 1347000000,	55.20,	 8.70
 1348000000,	55.20,	 8.87
 1349000000,	55.20,	 8.71
 1350000000,	55.19,	 8.73
 1351000000,	55.19,	 8.82
 1352000000,	55.18,	 8.91
 1353000000,	55.18,	 8.90
 1354000000,	55.18,	 8.74
 1355000000,	55.18,	 8.73
 1356000000,	55.18,	 8.82
 1357000000,	55.19,	 8.77
 1358000000,	55.19,	 8.68
 1359000000,	55.19,	 8.85
 1360000000,	55.19,	 8.73
 1361000000,	55.20,	 8.68
 1362000000,	55.20,	 8.70
 1363000000,	55.20,	 8.69
 1364000000,	55.21,	 8.88
 1365000000,	55.21,	 8.85
 1366000000,	55.22,	 8.58
 1367000000,	55.22,	 8.77
 1368000000,	55.23,	 8.79
 1369000000,	55.24,	 8.78
 1370000000,	55.25,	 8.91
 1371000000,	55.26,	 8.84
 1372000000,	55.26,	 8.74
 1373000000,	55.27,	 8.98
 1374000000,	55.28,	 8.82
 1375000000,	55.29,	 8.76
 1376000000,	55.30,	 8.82
 1377000000,	55.31,	 9.06
 1378000000,	55.32,	 8.87
 1379000000,	55.33,	 8.86
 1380000000,	55.35,	 8.98
 1381000000,	55.36,	 8.94
 1382000000,	55.37,	 8.88
 1383000000,	55.37,	 8.88
 1384000000,	55.39,	 8.92
 1385000000,	55.40,	 9.07
 1386000000,	55.40,	 8.98
 1387000000,	55.42,	 8.76
 1388000000,	55.43,	 8.93
 1389000000,	55.43,	 8.80
 1390000000,	55.45,	 8.91
 1391000000,	55.45,	 8.83
 1392000000,	55.46,	 8.88
 1393000000,	55.46,	 8.80
 1394000000,	55.47,	 8.77
 1395000000,	55.48,	 8.85
 1396000000,	55.49,	 8.69
 1397000000,	55.49,	 8.81
 1398000000,	55.50,	 8.66
 1399000000,	55.51,	 8.65
 1400000000,	55.51,	 8.76
 1401000000,	55.52,	 8.66
 1402000000,	55.52,	 8.50
 1403000000,	55.52,	 8.43
 1404000000,	55.52,	 8.46
 1405000000,	55.53,	 8.51
 1406000000,	55.52,	 8.56
 1407000000,	55.52,	 8.46
 1408000000,	55.52,	 8.54
 1409000000,	55.52,	 8.58
 1410000000,	55.52,	 8.31
 1411000000,	55.52,	 8.47
 1412000000,	55.52,	 8.40
 1413000000,	55.52,	 8.38
 1414000000,	55.53,	 8.43
 1415000000,	55.53,	 8.40
 1416000000,	55.53,	 8.50
 1417000000,	55.54,	 8.38
 1418000000,	55.54,	 8.24
 1419000000,	55.55,	 8.32
 1420000000,	55.55,	 8.52
 1421000000,	55.55,	 8.43
 1422000000,	55.54,	 8.50
 1423000000,	55.54,	 8.54
 1424000000,	55.54,	 8.49
 1425000000,	55.53,	 8.47
 1426000000,	55.53,	 8.43
 1427000000,	55.52,	 8.47
 1428000000,	55.51,	 8.51
 1429000000,	55.50,	 8.44
 1430000000,	55.50,	 8.56
 1431000000,	55.49,	 8.56
 1432000000,	55.48,	 8.69
 1433000000,	55.47,	 8.65
 1434000000,	55.47,	 8.76
 1435000000,	55.46,	 8.69
 1436000000,	55.45,	 8.77
 1437000000,	55.44,	 9.05
 1438000000,	55.44,	 9.06
 1439000000,	55.43,	 9.07
 1440000000,	55.43,	 9.18
 1441000000,	55.43,	 9.36
 1442000000,	55.42,	 9.23
 1443000000,	55.42,	 9.29
 1444000000,	55.42,	 9.34
 1445000000,	55.41,	 9.32
 1446000000,	55.40,	 9.22
 1447000000,	55.40,	 9.24
 1448000000,	55.39,	 9.37
 1449000000,	55.38,	 9.42
 1450000000,	55.36,	 9.26
 1451000000,	55.36,	 9.36
 1452000000,	55.34,	 9.34
 1453000000,	55.33,	 9.11
 1454000000,	55.32,	 9.18
 1455000000,	55.31,	 9.42
 1456000000,	55.30,	 9.24
 1457000000,	55.28,	 9.22
 1458000000,	55.27,	 9.31
 1459000000,	55.26,	 9.22
 1460000000,	55.25,	 9.26
 1461000000,	55.23,	 9.26
 1462000000,	55.23,	 9.19
 1463000000,	55.21,	 9.18
 1464000000,	55.20,	 9.22
 1465000000,	55.18,	 9.25
 1466000000,	55.17,	 9.14
 1467000000,	55.16,	 9.20
 1468000000,	55.15,	 9.12
 1469000000,	55.14,	 9.27
 1470000000,	55.12,	 9.21
 1471000000,	55.11,	 9.21
 1472000000,	55.09,	 9.33
 1473000000,	55.08,	 9.19
 1474000000,	55.07,	 9.25
 1475000000,	55.06,	 9.28
 1476000000,	55.04,	 9.34
 1477000000,	55.03,	 9.29
 1478000000,	55.02,	 9.35
 1479000000,	55.01,	 9.34
 1480000000,	55.00,	 9.36
 1481000000,	54.99,	 9.20
 1482000000,	54.98,	 9.44
 1483000000,	54.97,	 9.40
 1484000000,	54.96,	 9.30
 1485000000,	54.95,	 9.33
 1486000000,	54.95,	 9.46
 1487000000,	54.94,	 9.33
 1488000000,	54.93,	 9.30
 1489000000,	54.93,	 9.42
 1490000000,	54.92,	 9.41
 1491000000,	54.91,	 9.39
 1492000000,	54.91,	 9.32
 1493000000,	54.90,	 9.60
 1494000000,	54.89,	 9.31
 1495000000,	54.88,	 9.43
 1496000000,	54.88,	 9.43
 1497000000,	54.87,	 9.40
 1498000000,	54.86,	 9.41
 1499000000,	54.86,	 9.32
 1500000000,	54.85,	 9.48
 1501000000,	54.84,	 9.43
 1502000000,	54.84,	 9.33
 1503000000,	54.84,	 9.49
 1504000000,	54.83,	 9.46
 1505000000,	54.82,	 9.31
 1506000000,	54.82,	 9.43
 1507000000,	54.82,	 9.34
 1508000000,	54.81,	 9.36
 1509000000,	54.81,	 9.23
 1510000000,	54.80,	 9.30
 1511000000,	54.80,	 9.41
 1512000000,	54.80,	 9.26
 1513000000,	54.80,	 9.31
 1514000000,	54.79,	 9.18
 1515000000,	54.79,	 9.22
 1516000000,	54.79,	 9.20
 1517000000,	54.79,	 9.18
 1518000000,	54.78,	 9.46
 1519000000,	54.78,	 9.28
 1520000000,	54.78,	 9.25
 1521000000,	54.78,	 9.23
 1522000000,	54.78,	 9.19
 1523000000,	54.78,	 9.27
 1524000000,	54.78,	 9.22
 1525000000,	54.78,	 9.01
 1526000000,	54.78,	 9.07
 1527000000,	54.78,	 9.19
 1528000000,	54.78,	 9.09
 1529000000,	54.78,	 9.17
 1530000000,	54.78,	 9.04
 1531000000,	54.78,	 9.16
 1532000000,	54.78,	 8.99
 1533000000,	54.78,	 9.03
 1534000000,	54.78,	 9.07
 1535000000,	54.78,	 8.86
 1536000000,	54.78,	 8.92
 1537000000,	54.78,	 8.77
 1538000000,	54.78,	 8.99
 1539000000,	54.78,	 9.10
 1540000000,	54.78,	 8.83
 1541000000,	54.78,	 8.83
 1542000000,	54.79,	 8.92
 1543000000,	54.78,	 8.81
 1544000000,	54.79,	 8.67
 1545000000,	54.78,	 8.97
 1546000000,	54.78,	 8.68
 1547000000,	54.79,	 8.73
 1548000000,	54.79,	 8.67
 1549000000,	54.79,	 8.75
 1550000000,	54.79,	 8.68
 1551000000,	54.79,	 8.76
 1552000000,	54.78,	 8.55
 1553000000,	54.79,	 8.69
 1554000000,	54.79,	 8.63
 1555000000,	54.78,	 8.55
 1556000000,	54.78,	 8.70
 1557000000,	54.78,	 8.61
 1558000000,	54.78,	 8.59
 1559000000,	54.78,	 8.42
 1560000000,	54.78,	 8.71
 1561000000,	54.78,	 8.70
 1562000000,	54.78,	 8.84
 1563000000,	54.78,	 8.59
 1564000000,	54.78,	 8.63
 1565000000,	54.78,	 8.62
 1566000000,	54.77,	 8.57
 1567000000,	54.77,	 8.55
 1568000000,	54.77,	 8.56
 1569000000,	54.76,	 8.62
 1570000000,	54.75,	 8.61
 1571000000,	54.74,	 8.53
 1572000000,	54.73,	 8.64
 1573000000,	54.72,	 8.62
 1574000000,	54.71,	 8.64
 1575000000,	54.70,	 8.66
 1576000000,	54.69,	 8.66
 1577000000,	54.68,	 8.64
 1578000000,	54.67,	 8.48
 1579000000,	54.66,	 8.69
 1580000000,	54.64,	 8.80
 1581000000,	54.63,	 8.77
 1582000000,	54.62,	 8.55
 1583000000,	54.61,	 8.84
 1584000000,	54.59,	 8.67
 1585000000,	54.58,	 8.67
 1586000000,	54.57,	 8.99
 1587000000,	54.55,	 8.91
 1588000000,	54.53,	 8.83
 1589000000,	54.52,	 8.75
 1590000000,	54.50,	 8.95
 1591000000,	54.48,	 9.06
 1592000000,	54.46,	 8.99
 1593000000,	54.45,	 9.07
 1594000000,	54.43,	 8.89
 1595000000,	54.41,	 9.12
 1596000000,	54.39,	 9.18
 1597000000,	54.37,	 9.25
 1598000000,	54.36,	 9.34
 1599000000,	54.34,	 9.18
 1600000000,	54.32,	 9.31
 1601000000,	54.30,	 9.41
 1602000000,	54.28,	 9.39
 1603000000,	54.26,	 9.53
 1604000000,	54.25,	 9.22
 1605000000,	54.23,	 9.46
 1606000000,	54.21,	 9.46
 1607000000,	54.19,	 9.42
 1608000000,	54.18,	 9.43
 1609000000,	54.16,	 9.73
 1610000000,	54.14,	 9.71
 1611000000,	54.12,	 9.76
 1612000000,	54.10,	 9.78
 1613000000,	54.08,	 9.72
 1614000000,	54.06,	 9.82
 1615000000,	54.04,	 9.93
 1616000000,	54.02,	 9.93
 1617000000,	54.01,	 9.90
 1618000000,	54.00,	 9.93
 1619000000,	53.98,	10.08
 1620000000,	53.97,	10.04
 1621000000,	53.95,	 9.99
 1622000000,	53.94,	10.07
 1623000000,	53.92,	10.12
 1624000000,	53.91,	10.27
 1625000000,	53.90,	10.06
 1626000000,	53.88,	10.21
 1627000000,	53.87,	10.15
 1628000000,	53.85,	10.09
 1629000000,	53.84,	10.12
 1630000000,	53.82,	 9.96
 1631000000,	53.81,	 9.82
 1632000000,	53.80,	10.01
 1633000000,	53.79,	 9.85
 1634000000,	53.77,	 9.95
 1635000000,	53.76,	 9.82
 1636000000,	53.75,	10.04
 1637000000,	53.74,	 9.85
 1638000000,	53.72,	 9.84
 1639000000,	53.71,	 9.98
 1640000000,	53.70,	 9.99
 1641000000,	53.69,	 9.75
 1642000000,	53.68,	 9.79
 1643000000,	53.67,	 9.79
 1644000000,	53.66,	 9.82
 1645000000,	53.65,	 9.80
 1646000000,	53.64,	 9.79
 1647000000,	53.63,	 9.78
 1648000000,	53.62,	10.02
 1649000000,	53.62,	 9.82
 1650000000,	53.61,	10.12
 1651000000,	53.60,	10.05
 1652000000,	53.60,	 9.94
 1653000000,	53.60,	 9.90
 1654000000,	53.59,	10.03
 1655000000,	53.58,	 9.96
 1656000000,	53.58,	 9.92
 1657000000,	53.58,	 9.75
 1658000000,	53.57,	10.02
 1659000000,	53.57,	 9.81
 1660000000,	53.56,	 9.86
 1661000000,	53.56,	 9.87
 1662000000,	53.56,	 9.87
 1663000000,	53.55,	 9.93
 1664000000,	53.55,	 9.88
 1665000000,	53.54,	 9.81
 1666000000,	53.54,	10.01
 1667000000,	53.54,	10.10
 1668000000,	53.53,	 9.94
 1669000000,	53.53,	10.05
 1670000000,	53.52,	10.13
