% f (Hz),G_rec (dB),T_e_rec (K)
  900000000,	54.43,	 7.48
  901000000,	54.43,	 7.47
  902000000,	54.42,	 7.41
  903000000,	54.42,	 7.25
  904000000,	54.41,	 7.48
  905000000,	54.40,	 7.38
  906000000,	54.39,	 7.39
  907000000,	54.38,	 7.33
  908000000,	54.38,	 7.34
  909000000,	54.37,	 7.45
  910000000,	54.36,	 7.48
  911000000,	54.36,	 7.31
  912000000,	54.35,	 7.26
  913000000,	54.33,	 7.33
  914000000,	54.33,	 7.25
  915000000,	54.32,	 7.39
  916000000,	54.32,	 7.30
  917000000,	54.31,	 7.29
  918000000,	54.30,	 7.27
  919000000,	54.29,	 7.34
  920000000,	54.28,	 7.32
  921000000,	54.27,	 7.32
  922000000,	54.26,	 7.34
  923000000,	54.25,	 7.34
  924000000,	54.24,	 7.23
  925000000,	54.23,	 7.23
  926000000,	54.22,	 7.37
  927000000,	54.20,	 7.27
  928000000,	54.19,	 7.25
  929000000,	54.17,	 7.20
  930000000,	54.16,	 7.01
  931000000,	54.15,	 7.12
  932000000,	54.14,	 7.37
  933000000,	54.13,	 7.18
  934000000,	54.12,	 7.15
  935000000,	54.10,	 7.27
  936000000,	54.09,	 7.05
  937000000,	54.07,	 7.24
  938000000,	54.06,	 7.33
  939000000,	54.04,	 7.24
  940000000,	54.03,	 7.24
  941000000,	54.01,	 7.17
  942000000,	54.00,	 7.32
  943000000,	53.98,	 7.17
  944000000,	53.96,	 7.38
  945000000,	53.95,	 7.27
  946000000,	53.93,	 7.13
  947000000,	53.91,	 7.36
  948000000,	53.90,	 7.29
  949000000,	53.88,	 7.31
  950000000,	53.87,	 7.11
  951000000,	53.85,	 7.25
  952000000,	53.83,	 7.24
  953000000,	53.82,	 7.28
  954000000,	53.79,	 7.20
  955000000,	53.78,	 7.17
  956000000,	53.76,	 7.37
  957000000,	53.74,	 7.33
  958000000,	53.72,	 7.18
  959000000,	53.70,	 7.08
  960000000,	53.69,	 7.41
  961000000,	53.67,	 7.18
  962000000,	53.66,	 7.35
  963000000,	53.65,	 7.20
  964000000,	53.63,	 7.22
  965000000,	53.62,	 7.37
  966000000,	53.62,	 7.29
  967000000,	53.59,	 7.34
  968000000,	53.59,	 7.28
  969000000,	53.57,	 7.38
  970000000,	53.55,	 7.45
  971000000,	53.54,	 7.37
  972000000,	53.54,	 7.31
  973000000,	53.52,	 7.56
  974000000,	53.51,	 7.35
  975000000,	53.50,	 7.45
  976000000,	53.49,	 7.53
  977000000,	53.49,	 7.49
  978000000,	53.47,	 7.46
  979000000,	53.46,	 7.65
  980000000,	53.46,	 7.50
  981000000,	53.46,	 7.37
  982000000,	53.46,	 7.57
  983000000,	53.46,	 7.43
  984000000,	53.45,	 7.45
  985000000,	53.45,	 7.57
  986000000,	53.45,	 7.66
  987000000,	53.45,	 7.61
  988000000,	53.45,	 7.69
  989000000,	53.45,	 7.75
  990000000,	53.45,	 7.60
  991000000,	53.46,	 7.68
  992000000,	53.47,	 7.68
  993000000,	53.47,	 7.75
  994000000,	53.47,	 7.57
  995000000,	53.48,	 7.66
  996000000,	53.48,	 7.92
  997000000,	53.49,	 7.62
  998000000,	53.50,	 7.87
  999000000,	53.50,	 7.85
 1000000000,	53.51,	 7.76
 1001000000,	53.52,	 7.75
 1002000000,	53.53,	 7.73
 1003000000,	53.54,	 7.86
 1004000000,	53.54,	 7.78
 1005000000,	53.55,	 7.83
 1006000000,	53.56,	 8.03
 1007000000,	53.58,	 7.86
 1008000000,	53.58,	 7.89
 1009000000,	53.59,	 7.99
 1010000000,	53.59,	 8.03
 1011000000,	53.61,	 8.02
 1012000000,	53.62,	 8.11
 1013000000,	53.63,	 8.05
 1014000000,	53.63,	 7.97
 1015000000,	53.65,	 8.03
 1016000000,	53.66,	 7.96
 1017000000,	53.68,	 8.07
 1018000000,	53.68,	 8.13
 1019000000,	53.70,	 8.02
 1020000000,	53.70,	 8.00
 1021000000,	53.71,	 8.00
 1022000000,	53.72,	 8.00
 1023000000,	53.73,	 8.00
 1024000000,	53.74,	 8.11
 1025000000,	53.74,	 8.01
 1026000000,	53.75,	 8.14
 1027000000,	53.75,	 7.96
 1028000000,	53.76,	 8.08
 1029000000,	53.76,	 7.95
 1030000000,	53.77,	 8.11
 1031000000,	53.78,	 8.05
 1032000000,	53.79,	 8.19
 1033000000,	53.79,	 8.24
 1034000000,	53.80,	 8.17
 1035000000,	53.80,	 8.19
 1036000000,	53.80,	 8.14
 1037000000,	53.80,	 8.02
 1038000000,	53.81,	 8.13
 1039000000,	53.80,	 8.09
 1040000000,	53.80,	 8.19
 1041000000,	53.80,	 8.18
 1042000000,	53.79,	 8.11
 1043000000,	53.80,	 8.23
 1044000000,	53.79,	 8.12
 1045000000,	53.80,	 8.17
 1046000000,	53.79,	 8.10
 1047000000,	53.78,	 8.30
 1048000000,	53.78,	 8.07
 1049000000,	53.77,	 8.28
 1050000000,	53.76,	 8.28
 1051000000,	53.76,	 8.14
 1052000000,	53.75,	 8.15
 1053000000,	53.75,	 8.19
 1054000000,	53.74,	 8.28
 1055000000,	53.73,	 8.03
 1056000000,	53.73,	 8.24
 1057000000,	53.72,	 8.25
 1058000000,	53.71,	 8.12
 1059000000,	53.71,	 8.39
 1060000000,	53.69,	 8.21
 1061000000,	53.68,	 8.38
 1062000000,	53.68,	 8.15
 1063000000,	53.67,	 8.19
 1064000000,	53.66,	 8.26
 1065000000,	53.66,	 8.21
 1066000000,	53.65,	 8.32
 1067000000,	53.64,	 8.24
 1068000000,	53.64,	 8.26
 1069000000,	53.63,	 8.14
 1070000000,	53.63,	 8.21
 1071000000,	53.61,	 8.31
 1072000000,	53.61,	 8.34
 1073000000,	53.60,	 8.44
 1074000000,	53.59,	 8.44
 1075000000,	53.59,	 8.29
 1076000000,	53.59,	 8.19
 1077000000,	53.58,	 8.48
 1078000000,	53.57,	 8.59
 1079000000,	53.57,	 8.27
 1080000000,	53.57,	 8.38
 1081000000,	53.56,	 8.29
 1082000000,	53.55,	 8.46
 1083000000,	53.55,	 8.59
 1084000000,	53.55,	 8.51
 1085000000,	53.55,	 8.45
 1086000000,	53.55,	 8.54
 1087000000,	53.55,	 8.58
 1088000000,	53.54,	 8.59
 1089000000,	53.55,	 8.51
 1090000000,	53.55,	 8.54
 1091000000,	53.55,	 8.49
 1092000000,	53.55,	 8.60
 1093000000,	53.55,	 8.56
 1094000000,	53.55,	 8.60
 1095000000,	53.55,	 8.57
 1096000000,	53.54,	 8.71
 1097000000,	53.55,	 8.52
 1098000000,	53.56,	 8.53
 1099000000,	53.55,	 8.63
 1100000000,	53.56,	 8.67
 1101000000,	53.57,	 8.62
 1102000000,	53.57,	 8.74
 1103000000,	53.58,	 8.64
 1104000000,	53.58,	 8.69
 1105000000,	53.59,	 8.81
 1106000000,	53.59,	 8.69
 1107000000,	53.60,	 8.69
 1108000000,	53.61,	 8.72
 1109000000,	53.61,	 8.63
 1110000000,	53.61,	 8.84
 1111000000,	53.62,	 8.77
 1112000000,	53.63,	 8.86
 1113000000,	53.64,	 8.73
 1114000000,	53.65,	 8.61
 1115000000,	53.65,	 8.71
 1116000000,	53.66,	 8.75
 1117000000,	53.66,	 8.84
 1118000000,	53.67,	 8.84
 1119000000,	53.68,	 8.75
 1120000000,	53.68,	 8.67
 1121000000,	53.69,	 8.67
 1122000000,	53.69,	 8.79
 1123000000,	53.71,	 8.83
 1124000000,	53.72,	 8.79
 1125000000,	53.72,	 8.83
 1126000000,	53.73,	 8.93
 1127000000,	53.73,	 8.99
 1128000000,	53.74,	 8.81
 1129000000,	53.75,	 8.86
 1130000000,	53.76,	 8.67
 1131000000,	53.77,	 8.88
 1132000000,	53.77,	 8.83
 1133000000,	53.78,	 8.74
 1134000000,	53.79,	 8.70
 1135000000,	53.79,	 8.66
 1136000000,	53.80,	 8.79
 1137000000,	53.80,	 8.71
 1138000000,	53.81,	 8.93
 1139000000,	53.82,	 8.62
 1140000000,	53.82,	 8.68
 1141000000,	53.83,	 8.61
 1142000000,	53.83,	 8.80
 1143000000,	53.83,	 8.71
 1144000000,	53.83,	 8.81
 1145000000,	53.83,	 8.67
 1146000000,	53.84,	 8.71
 1147000000,	53.83,	 8.88
 1148000000,	53.84,	 8.71
 1149000000,	53.84,	 8.76
 1150000000,	53.84,	 8.66
 1151000000,	53.84,	 8.49
 1152000000,	53.84,	 8.75
 1153000000,	53.85,	 8.63
 1154000000,	53.84,	 8.66
 1155000000,	53.84,	 8.80
 1156000000,	53.84,	 8.81
 1157000000,	53.84,	 8.68
 1158000000,	53.84,	 8.67
 1159000000,	53.84,	 8.56
 1160000000,	53.83,	 8.72
 1161000000,	53.83,	 8.64
 1162000000,	53.83,	 8.52
 1163000000,	53.83,	 8.65
 1164000000,	53.83,	 8.80
 1165000000,	53.82,	 8.59
 1166000000,	53.82,	 8.63
 1167000000,	53.81,	 8.68
 1168000000,	53.82,	 8.55
 1169000000,	53.81,	 8.67
 1170000000,	53.81,	 8.64
 1171000000,	53.81,	 8.65
 1172000000,	53.80,	 8.67
 1173000000,	53.81,	 8.73
 1174000000,	53.80,	 8.82
 1175000000,	53.80,	 8.67
 1176000000,	53.80,	 8.70
 1177000000,	53.79,	 8.65
 1178000000,	53.79,	 8.83
 1179000000,	53.78,	 8.78
 1180000000,	53.78,	 8.67
 1181000000,	53.78,	 8.77
 1182000000,	53.77,	 8.77
 1183000000,	53.77,	 8.83
 1184000000,	53.76,	 8.82
 1185000000,	53.76,	 8.76
 1186000000,	53.77,	 8.66
 1187000000,	53.76,	 8.71
 1188000000,	53.76,	 8.79
 1189000000,	53.76,	 8.79
 1190000000,	53.76,	 8.81
 1191000000,	53.76,	 8.95
 1192000000,	53.76,	 8.83
 1193000000,	53.75,	 8.77
 1194000000,	53.75,	 8.77
 1195000000,	53.75,	 8.97
 1196000000,	53.74,	 8.78
 1197000000,	53.74,	 8.66
 1198000000,	53.75,	 8.88
 1199000000,	53.74,	 8.93
 1200000000,	53.74,	 8.95
 1201000000,	53.75,	 8.94
 1202000000,	53.74,	 9.05
 1203000000,	53.75,	 8.93
 1204000000,	53.74,	 9.07
 1205000000,	53.75,	 8.86
 1206000000,	53.75,	 9.05
 1207000000,	53.75,	 8.98
 1208000000,	53.76,	 9.04
 1209000000,	53.76,	 8.88
 1210000000,	53.76,	 8.97
 1211000000,	53.77,	 9.02
 1212000000,	53.77,	 8.87
 1213000000,	53.78,	 9.01
 1214000000,	53.78,	 8.89
 1215000000,	53.79,	 8.95
 1216000000,	53.80,	 9.12
 1217000000,	53.81,	 8.81
 1218000000,	53.82,	 9.01
 1219000000,	53.83,	 8.88
 1220000000,	53.83,	 8.94
 1221000000,	53.84,	 8.99
 1222000000,	53.84,	 8.79
 1223000000,	53.85,	 8.83
 1224000000,	53.86,	 9.03
 1225000000,	53.86,	 8.93
 1226000000,	53.87,	 8.97
 1227000000,	53.88,	 8.76
 1228000000,	53.89,	 8.84
 1229000000,	53.90,	 8.80
 1230000000,	53.91,	 8.68
 1231000000,	53.91,	 9.04
 1232000000,	53.92,	 8.82
 1233000000,	53.93,	 8.90
 1234000000,	53.94,	 8.85
 1235000000,	53.95,	 8.88
 1236000000,	53.96,	 8.65
 1237000000,	53.98,	 8.73
 1238000000,	53.98,	 8.84
 1239000000,	54.00,	 8.89
 1240000000,	54.01,	 8.82
 1241000000,	54.02,	 8.87
 1242000000,	54.02,	 8.79
 1243000000,	54.03,	 8.72
 1244000000,	54.05,	 8.70
 1245000000,	54.05,	 8.70
 1246000000,	54.05,	 8.68
 1247000000,	54.07,	 8.72
 1248000000,	54.09,	 8.61
 1249000000,	54.09,	 8.71
 1250000000,	54.10,	 8.68
 1251000000,	54.11,	 8.65
 1252000000,	54.12,	 8.48
 1253000000,	54.13,	 8.59
 1254000000,	54.15,	 8.57
 1255000000,	54.16,	 8.40
 1256000000,	54.16,	 8.48
 1257000000,	54.16,	 8.48
 1258000000,	54.18,	 8.61
 1259000000,	54.19,	 8.36
 1260000000,	54.19,	 8.49
 1261000000,	54.20,	 8.55
 1262000000,	54.21,	 8.49
 1263000000,	54.21,	 8.28
 1264000000,	54.22,	 8.44
 1265000000,	54.23,	 8.30
 1266000000,	54.24,	 8.40
 1267000000,	54.24,	 8.39
 1268000000,	54.25,	 8.30
 1269000000,	54.25,	 8.31
 1270000000,	54.26,	 8.23
 1271000000,	54.27,	 8.35
 1272000000,	54.27,	 8.39
 1273000000,	54.27,	 8.23
 1274000000,	54.27,	 8.23
 1275000000,	54.28,	 8.23
 1276000000,	54.28,	 8.14
 1277000000,	54.29,	 8.23
 1278000000,	54.29,	 8.04
 1279000000,	54.29,	 8.13
 1280000000,	54.29,	 8.15
 1281000000,	54.29,	 8.10
 1282000000,	54.29,	 8.12
 1283000000,	54.30,	 8.15
 1284000000,	54.29,	 8.15
 1285000000,	54.30,	 8.05
 1286000000,	54.30,	 8.07
 1287000000,	54.29,	 8.07
 1288000000,	54.29,	 8.03
 1289000000,	54.29,	 7.97
 1290000000,	54.29,	 7.98
 1291000000,	54.29,	 8.06
 1292000000,	54.29,	 7.91
 1293000000,	54.29,	 8.00
 1294000000,	54.28,	 7.91
 1295000000,	54.29,	 8.00
 1296000000,	54.28,	 7.94
 1297000000,	54.28,	 8.05
 1298000000,	54.28,	 7.92
 1299000000,	54.27,	 7.94
 1300000000,	54.27,	 8.11
 1301000000,	54.27,	 7.86
 1302000000,	54.27,	 7.98
 1303000000,	54.27,	 7.94
 1304000000,	54.27,	 7.85
 1305000000,	54.27,	 7.87
 1306000000,	54.26,	 7.87
 1307000000,	54.26,	 7.78
 1308000000,	54.26,	 7.85
 1309000000,	54.26,	 7.86
 1310000000,	54.26,	 7.98
 1311000000,	54.25,	 7.92
 1312000000,	54.25,	 8.01
 1313000000,	54.25,	 7.73
 1314000000,	54.25,	 7.89
 1315000000,	54.25,	 7.75
 1316000000,	54.24,	 7.83
 1317000000,	54.24,	 7.82
 1318000000,	54.23,	 7.80
 1319000000,	54.23,	 7.86
 1320000000,	54.23,	 7.94
 1321000000,	54.23,	 7.79
 1322000000,	54.22,	 7.90
 1323000000,	54.22,	 7.96
 1324000000,	54.22,	 7.97
 1325000000,	54.22,	 7.83
 1326000000,	54.22,	 7.93
 1327000000,	54.21,	 7.97
 1328000000,	54.21,	 8.04
 1329000000,	54.21,	 7.93
 1330000000,	54.21,	 7.97
 1331000000,	54.21,	 8.01
 1332000000,	54.21,	 8.11
 1333000000,	54.21,	 8.14
 1334000000,	54.21,	 8.07
 1335000000,	54.21,	 7.96
 1336000000,	54.21,	 8.09
 1337000000,	54.21,	 8.00
 1338000000,	54.21,	 7.83
 1339000000,	54.22,	 7.94
 1340000000,	54.21,	 8.14
 1341000000,	54.22,	 8.08
 1342000000,	54.22,	 8.11
 1343000000,	54.22,	 8.10
 1344000000,	54.22,	 7.94
 1345000000,	54.22,	 8.10
 1346000000,	54.22,	 8.08
 1347000000,	54.22,	 8.10
 1348000000,	54.22,	 8.19
 1349000000,	54.22,	 8.27
 1350000000,	54.23,	 8.17
 1351000000,	54.22,	 8.07
 1352000000,	54.23,	 8.15
 1353000000,	54.23,	 8.26
 1354000000,	54.23,	 8.18
 1355000000,	54.23,	 8.28
 1356000000,	54.23,	 8.39
 1357000000,	54.23,	 8.32
 1358000000,	54.23,	 8.41
 1359000000,	54.23,	 8.55
 1360000000,	54.24,	 8.41
 1361000000,	54.24,	 8.31
 1362000000,	54.25,	 8.31
 1363000000,	54.25,	 8.46
 1364000000,	54.26,	 8.41
 1365000000,	54.27,	 8.51
 1366000000,	54.27,	 8.49
 1367000000,	54.28,	 8.54
 1368000000,	54.28,	 8.39
 1369000000,	54.28,	 8.58
 1370000000,	54.29,	 8.57
 1371000000,	54.29,	 8.53
 1372000000,	54.30,	 8.56
 1373000000,	54.30,	 8.50
 1374000000,	54.30,	 8.74
 1375000000,	54.31,	 8.59
 1376000000,	54.31,	 8.60
 1377000000,	54.31,	 8.72
 1378000000,	54.31,	 8.67
 1379000000,	54.31,	 8.83
 1380000000,	54.31,	 8.76
 1381000000,	54.31,	 8.85
 1382000000,	54.31,	 8.81
 1383000000,	54.31,	 8.86
 1384000000,	54.31,	 8.87
 1385000000,	54.30,	 9.00
 1386000000,	54.30,	 9.07
 1387000000,	54.30,	 8.99
 1388000000,	54.29,	 9.05
 1389000000,	54.29,	 9.08
 1390000000,	54.29,	 9.08
 1391000000,	54.28,	 9.21
 1392000000,	54.28,	 9.09
 1393000000,	54.27,	 9.29
 1394000000,	54.26,	 9.34
 1395000000,	54.26,	 9.42
 1396000000,	54.25,	 9.60
 1397000000,	54.24,	 9.59
 1398000000,	54.23,	 9.79
 1399000000,	54.22,	 9.88
 1400000000,	54.22,	 9.97
 1401000000,	54.21,	 9.94
 1402000000,	54.20,	 9.92
 1403000000,	54.20,	 9.85
 1404000000,	54.20,	 9.86
 1405000000,	54.19,	 9.98
 1406000000,	54.19,	10.05
 1407000000,	54.18,	10.01
 1408000000,	54.17,	 9.83
 1409000000,	54.16,	 9.75
 1410000000,	54.15,	 9.91
 1411000000,	54.14,	 9.88
 1412000000,	54.13,	 9.91
 1413000000,	54.12,	 9.95
 1414000000,	54.11,	 9.87
 1415000000,	54.11,	 9.91
 1416000000,	54.11,	10.00
 1417000000,	54.11,	 9.93
 1418000000,	54.11,	10.12
 1419000000,	54.12,	 9.88
 1420000000,	54.12,	 9.81
 1421000000,	54.13,	 9.83
 1422000000,	54.14,	 9.64
 1423000000,	54.13,	 9.73
 1424000000,	54.14,	 9.69
 1425000000,	54.13,	 9.72
 1426000000,	54.13,	 9.63
 1427000000,	54.12,	 9.70
 1428000000,	54.11,	 9.64
 1429000000,	54.10,	 9.66
 1430000000,	54.09,	 9.45
 1431000000,	54.07,	 9.55
 1432000000,	54.06,	 9.60
 1433000000,	54.05,	 9.69
 1434000000,	54.04,	 9.76
 1435000000,	54.02,	 9.86
 1436000000,	54.01,	 9.92
 1437000000,	54.00,	 9.87
 1438000000,	53.98,	10.13
 1439000000,	53.97,	10.12
 1440000000,	53.96,	10.25
 1441000000,	53.96,	10.30
 1442000000,	53.95,	10.42
 1443000000,	53.94,	10.40
 1444000000,	53.94,	10.44
 1445000000,	53.94,	10.42
 1446000000,	53.94,	10.36
 1447000000,	53.95,	10.37
 1448000000,	53.95,	10.21
 1449000000,	53.95,	10.34
 1450000000,	53.96,	10.25
 1451000000,	53.96,	10.22
 1452000000,	53.96,	 9.98
 1453000000,	53.97,	10.03
 1454000000,	53.96,	 9.82
 1455000000,	53.96,	 9.96
 1456000000,	53.97,	 9.83
 1457000000,	53.96,	 9.87
 1458000000,	53.96,	 9.68
 1459000000,	53.95,	 9.78
 1460000000,	53.95,	 9.59
 1461000000,	53.94,	 9.75
 1462000000,	53.93,	 9.61
 1463000000,	53.92,	 9.79
 1464000000,	53.91,	 9.74
 1465000000,	53.90,	 9.74
 1466000000,	53.89,	 9.69
 1467000000,	53.89,	 9.79
 1468000000,	53.88,	 9.77
 1469000000,	53.86,	 9.87
 1470000000,	53.85,	 9.82
 1471000000,	53.84,	 9.80
 1472000000,	53.83,	 9.83
 1473000000,	53.82,	10.00
 1474000000,	53.81,	 9.86
 1475000000,	53.80,	10.07
 1476000000,	53.79,	10.02
 1477000000,	53.78,	10.04
 1478000000,	53.78,	10.02
 1479000000,	53.77,	 9.99
 1480000000,	53.77,	10.04
 1481000000,	53.76,	 9.83
 1482000000,	53.77,	10.01
 1483000000,	53.77,	 9.94
 1484000000,	53.77,	 9.84
 1485000000,	53.77,	 9.91
 1486000000,	53.77,	 9.94
 1487000000,	53.77,	 9.72
 1488000000,	53.77,	 9.88
 1489000000,	53.77,	 9.77
 1490000000,	53.77,	 9.79
 1491000000,	53.77,	 9.75
 1492000000,	53.77,	 9.90
 1493000000,	53.76,	 9.81
 1494000000,	53.76,	 9.87
 1495000000,	53.76,	 9.89
 1496000000,	53.76,	 9.76
 1497000000,	53.76,	 9.67
 1498000000,	53.76,	 9.83
 1499000000,	53.77,	 9.73
 1500000000,	53.77,	 9.92
 1501000000,	53.78,	 9.79
 1502000000,	53.79,	 9.67
 1503000000,	53.79,	 9.84
 1504000000,	53.80,	 9.65
 1505000000,	53.80,	 9.50
 1506000000,	53.81,	 9.64
 1507000000,	53.82,	 9.59
 1508000000,	53.82,	 9.57
 1509000000,	53.83,	 9.63
 1510000000,	53.84,	 9.46
 1511000000,	53.84,	 9.47
 1512000000,	53.85,	 9.49
 1513000000,	53.86,	 9.62
 1514000000,	53.86,	 9.48
 1515000000,	53.87,	 9.54
 1516000000,	53.88,	 9.62
 1517000000,	53.88,	 9.47
 1518000000,	53.89,	 9.39
 1519000000,	53.89,	 9.37
 1520000000,	53.90,	 9.41
 1521000000,	53.91,	 9.38
 1522000000,	53.92,	 9.39
 1523000000,	53.92,	 9.47
 1524000000,	53.93,	 9.53
 1525000000,	53.94,	 9.15
 1526000000,	53.95,	 9.42
 1527000000,	53.95,	 9.22
 1528000000,	53.96,	 9.37
 1529000000,	53.97,	 9.21
 1530000000,	53.98,	 9.22
 1531000000,	53.98,	 9.28
 1532000000,	53.99,	 9.27
 1533000000,	54.00,	 9.41
 1534000000,	54.01,	 9.45
 1535000000,	54.01,	 9.29
 1536000000,	54.02,	 9.07
 1537000000,	54.02,	 9.32
 1538000000,	54.03,	 9.18
 1539000000,	54.04,	 9.03
 1540000000,	54.04,	 9.20
 1541000000,	54.05,	 9.02
 1542000000,	54.05,	 9.11
 1543000000,	54.06,	 9.10
 1544000000,	54.06,	 9.36
 1545000000,	54.07,	 8.95
 1546000000,	54.07,	 8.97
 1547000000,	54.07,	 8.98
 1548000000,	54.07,	 9.09
 1549000000,	54.08,	 9.08
 1550000000,	54.08,	 8.99
 1551000000,	54.08,	 9.09
 1552000000,	54.08,	 8.90
 1553000000,	54.08,	 9.16
 1554000000,	54.08,	 8.92
 1555000000,	54.08,	 8.86
 1556000000,	54.08,	 9.16
 1557000000,	54.08,	 9.04
 1558000000,	54.08,	 8.96
 1559000000,	54.08,	 8.92
 1560000000,	54.07,	 8.99
 1561000000,	54.07,	 9.02
 1562000000,	54.07,	 8.91
 1563000000,	54.07,	 8.86
 1564000000,	54.07,	 8.88
 1565000000,	54.07,	 8.82
 1566000000,	54.07,	 8.85
 1567000000,	54.06,	 8.95
 1568000000,	54.06,	 8.82
 1569000000,	54.05,	 8.76
 1570000000,	54.05,	 8.92
 1571000000,	54.05,	 8.94
 1572000000,	54.04,	 8.91
 1573000000,	54.03,	 8.80
 1574000000,	54.02,	 9.03
 1575000000,	54.02,	 8.94
 1576000000,	54.01,	 8.98
 1577000000,	54.00,	 9.00
 1578000000,	53.99,	 8.72
 1579000000,	53.98,	 9.07
 1580000000,	53.97,	 9.03
 1581000000,	53.96,	 8.88
 1582000000,	53.95,	 8.94
 1583000000,	53.93,	 9.01
 1584000000,	53.92,	 8.96
 1585000000,	53.91,	 8.92
 1586000000,	53.89,	 9.02
 1587000000,	53.88,	 9.12
 1588000000,	53.87,	 9.03
 1589000000,	53.85,	 9.17
 1590000000,	53.84,	 9.24
 1591000000,	53.82,	 9.14
 1592000000,	53.81,	 9.22
 1593000000,	53.79,	 9.22
 1594000000,	53.78,	 9.06
 1595000000,	53.77,	 9.34
 1596000000,	53.76,	 9.29
 1597000000,	53.74,	 9.25
 1598000000,	53.72,	 9.39
 1599000000,	53.71,	 9.51
 1600000000,	53.69,	 9.37
 1601000000,	53.66,	 9.46
 1602000000,	53.65,	 9.42
 1603000000,	53.63,	 9.44
 1604000000,	53.61,	 9.41
 1605000000,	53.59,	 9.55
 1606000000,	53.57,	 9.57
 1607000000,	53.55,	 9.38
 1608000000,	53.53,	 9.75
 1609000000,	53.51,	 9.82
 1610000000,	53.49,	 9.55
 1611000000,	53.46,	 9.53
 1612000000,	53.44,	 9.70
 1613000000,	53.43,	 9.77
 1614000000,	53.40,	 9.91
 1615000000,	53.39,	 9.85
 1616000000,	53.37,	 9.94
 1617000000,	53.36,	 9.78
 1618000000,	53.34,	 9.97
 1619000000,	53.34,	 9.96
 1620000000,	53.33,	10.02
 1621000000,	53.32,	10.13
 1622000000,	53.32,	10.11
 1623000000,	53.32,	10.09
 1624000000,	53.31,	 9.97
 1625000000,	53.30,	 9.95
 1626000000,	53.28,	 9.97
 1627000000,	53.25,	10.05
 1628000000,	53.23,	10.14
 1629000000,	53.21,	10.05
 1630000000,	53.20,	10.01
 1631000000,	53.18,	 9.91
 1632000000,	53.18,	10.04
 1633000000,	53.17,	 9.94
 1634000000,	53.17,	 9.97
 1635000000,	53.17,	 9.80
 1636000000,	53.16,	 9.80
 1637000000,	53.16,	 9.88
 1638000000,	53.16,	 9.88
 1639000000,	53.15,	 9.81
 1640000000,	53.16,	 9.70
 1641000000,	53.15,	 9.74
 1642000000,	53.15,	 9.76
 1643000000,	53.15,	 9.75
 1644000000,	53.15,	 9.61
 1645000000,	53.16,	 9.75
 1646000000,	53.16,	 9.77
 1647000000,	53.16,	 9.64
 1648000000,	53.17,	 9.51
 1649000000,	53.18,	 9.78
 1650000000,	53.19,	 9.61
 1651000000,	53.19,	 9.65
 1652000000,	53.20,	 9.69
 1653000000,	53.21,	 9.60
 1654000000,	53.21,	 9.45
 1655000000,	53.21,	 9.52
 1656000000,	53.21,	 9.57
 1657000000,	53.22,	 9.48
 1658000000,	53.21,	 9.52
 1659000000,	53.21,	 9.45
 1660000000,	53.21,	 9.56
 1661000000,	53.21,	 9.74
 1662000000,	53.21,	 9.43
 1663000000,	53.21,	 9.50
 1664000000,	53.21,	 9.41
 1665000000,	53.21,	 9.56
 1666000000,	53.21,	 9.46
 1667000000,	53.21,	 9.50
 1668000000,	53.22,	 9.60
 1669000000,	53.22,	 9.72
 1670000000,	53.23,	 9.63
