% f (Hz),G_rec (dB),T_e_rec (K)
  900000000,	56.04,	 7.36
  901000000,	56.03,	 7.17
  902000000,	56.02,	 7.36
  903000000,	56.02,	 7.27
  904000000,	56.01,	 7.25
  905000000,	56.00,	 7.16
  906000000,	55.99,	 7.27
  907000000,	55.99,	 7.23
  908000000,	55.98,	 7.39
  909000000,	55.98,	 7.08
  910000000,	55.97,	 7.19
  911000000,	55.97,	 7.21
  912000000,	55.96,	 7.06
  913000000,	55.96,	 7.32
  914000000,	55.95,	 7.10
  915000000,	55.95,	 7.22
  916000000,	55.94,	 7.06
  917000000,	55.94,	 7.06
  918000000,	55.93,	 7.06
  919000000,	55.93,	 7.18
  920000000,	55.93,	 7.05
  921000000,	55.92,	 7.07
  922000000,	55.92,	 7.13
  923000000,	55.91,	 7.09
  924000000,	55.91,	 7.14
  925000000,	55.90,	 7.09
  926000000,	55.90,	 7.22
  927000000,	55.89,	 7.17
  928000000,	55.88,	 7.12
  929000000,	55.88,	 7.03
  930000000,	55.87,	 7.08
  931000000,	55.86,	 7.18
  932000000,	55.86,	 6.98
  933000000,	55.85,	 7.15
  934000000,	55.84,	 7.17
  935000000,	55.83,	 7.17
  936000000,	55.82,	 7.23
  937000000,	55.80,	 7.22
  938000000,	55.79,	 7.21
  939000000,	55.78,	 7.13
  940000000,	55.76,	 7.19
  941000000,	55.75,	 7.10
  942000000,	55.74,	 7.10
  943000000,	55.73,	 7.13
  944000000,	55.72,	 7.22
  945000000,	55.70,	 7.07
  946000000,	55.68,	 7.28
  947000000,	55.67,	 7.14
  948000000,	55.65,	 7.24
  949000000,	55.64,	 7.17
  950000000,	55.62,	 7.18
  951000000,	55.61,	 7.30
  952000000,	55.58,	 7.43
  953000000,	55.57,	 7.09
  954000000,	55.55,	 7.15
  955000000,	55.53,	 7.23
  956000000,	55.50,	 7.03
  957000000,	55.48,	 7.13
  958000000,	55.46,	 7.18
  959000000,	55.44,	 7.25
  960000000,	55.42,	 7.25
  961000000,	55.40,	 7.25
  962000000,	55.38,	 7.19
  963000000,	55.36,	 7.14
  964000000,	55.34,	 7.28
  965000000,	55.32,	 7.20
  966000000,	55.30,	 7.06
  967000000,	55.28,	 7.15
  968000000,	55.27,	 7.24
  969000000,	55.25,	 7.24
  970000000,	55.24,	 7.19
  971000000,	55.23,	 7.15
  972000000,	55.21,	 7.32
  973000000,	55.20,	 7.26
  974000000,	55.19,	 7.29
  975000000,	55.18,	 7.23
  976000000,	55.17,	 7.21
  977000000,	55.16,	 7.28
  978000000,	55.15,	 7.20
  979000000,	55.15,	 7.30
  980000000,	55.14,	 7.31
  981000000,	55.13,	 7.41
  982000000,	55.13,	 7.32
  983000000,	55.13,	 7.43
  984000000,	55.13,	 7.49
  985000000,	55.13,	 7.48
  986000000,	55.13,	 7.45
  987000000,	55.13,	 7.50
  988000000,	55.13,	 7.47
  989000000,	55.13,	 7.42
  990000000,	55.14,	 7.44
  991000000,	55.14,	 7.48
  992000000,	55.14,	 7.46
  993000000,	55.15,	 7.47
  994000000,	55.15,	 7.51
  995000000,	55.16,	 7.53
  996000000,	55.17,	 7.50
  997000000,	55.18,	 7.62
  998000000,	55.19,	 7.48
  999000000,	55.20,	 7.40
 1000000000,	55.21,	 7.54
 1001000000,	55.22,	 7.51
 1002000000,	55.23,	 7.59
 1003000000,	55.24,	 7.67
 1004000000,	55.24,	 7.57
 1005000000,	55.26,	 7.63
 1006000000,	55.27,	 7.75
 1007000000,	55.27,	 7.75
 1008000000,	55.29,	 7.78
 1009000000,	55.30,	 7.75
 1010000000,	55.31,	 7.50
 1011000000,	55.32,	 7.40
 1012000000,	55.33,	 7.68
 1013000000,	55.35,	 7.72
 1014000000,	55.36,	 7.68
 1015000000,	55.37,	 7.79
 1016000000,	55.38,	 7.66
 1017000000,	55.39,	 7.88
 1018000000,	55.41,	 7.73
 1019000000,	55.42,	 7.82
 1020000000,	55.43,	 7.76
 1021000000,	55.44,	 7.81
 1022000000,	55.45,	 7.94
 1023000000,	55.47,	 7.73
 1024000000,	55.47,	 7.72
 1025000000,	55.48,	 7.69
 1026000000,	55.49,	 8.04
 1027000000,	55.50,	 7.88
 1028000000,	55.51,	 7.90
 1029000000,	55.52,	 7.90
 1030000000,	55.52,	 7.85
 1031000000,	55.53,	 7.87
 1032000000,	55.53,	 7.82
 1033000000,	55.53,	 7.94
 1034000000,	55.54,	 7.97
 1035000000,	55.54,	 7.82
 1036000000,	55.55,	 7.98
 1037000000,	55.55,	 7.88
 1038000000,	55.55,	 7.96
 1039000000,	55.55,	 7.92
 1040000000,	55.55,	 8.04
 1041000000,	55.55,	 8.05
 1042000000,	55.54,	 8.08
 1043000000,	55.54,	 8.05
 1044000000,	55.53,	 8.01
 1045000000,	55.53,	 7.90
 1046000000,	55.52,	 7.96
 1047000000,	55.51,	 7.90
 1048000000,	55.51,	 8.09
 1049000000,	55.50,	 8.18
 1050000000,	55.49,	 8.12
 1051000000,	55.49,	 8.02
 1052000000,	55.48,	 8.11
 1053000000,	55.47,	 8.08
 1054000000,	55.46,	 7.99
 1055000000,	55.45,	 8.04
 1056000000,	55.44,	 8.08
 1057000000,	55.43,	 8.06
 1058000000,	55.43,	 8.09
 1059000000,	55.42,	 7.92
 1060000000,	55.41,	 8.09
 1061000000,	55.40,	 8.29
 1062000000,	55.39,	 8.11
 1063000000,	55.38,	 8.03
 1064000000,	55.37,	 8.06
 1065000000,	55.36,	 8.11
 1066000000,	55.35,	 8.17
 1067000000,	55.34,	 8.10
 1068000000,	55.34,	 8.18
 1069000000,	55.33,	 8.15
 1070000000,	55.32,	 8.09
 1071000000,	55.31,	 8.16
 1072000000,	55.29,	 8.07
 1073000000,	55.29,	 8.22
 1074000000,	55.28,	 8.21
 1075000000,	55.27,	 8.11
 1076000000,	55.27,	 8.22
 1077000000,	55.26,	 8.17
 1078000000,	55.26,	 8.24
 1079000000,	55.25,	 8.27
 1080000000,	55.24,	 8.22
 1081000000,	55.24,	 8.25
 1082000000,	55.24,	 8.18
 1083000000,	55.23,	 8.21
 1084000000,	55.23,	 8.35
 1085000000,	55.23,	 8.35
 1086000000,	55.23,	 8.33
 1087000000,	55.23,	 8.31
 1088000000,	55.23,	 8.34
 1089000000,	55.23,	 8.34
 1090000000,	55.23,	 8.24
 1091000000,	55.24,	 8.18
 1092000000,	55.24,	 8.34
 1093000000,	55.24,	 8.22
 1094000000,	55.24,	 8.29
 1095000000,	55.24,	 8.43
 1096000000,	55.25,	 8.42
 1097000000,	55.25,	 8.27
 1098000000,	55.26,	 8.33
 1099000000,	55.26,	 8.21
 1100000000,	55.27,	 8.25
 1101000000,	55.27,	 8.43
 1102000000,	55.28,	 8.31
 1103000000,	55.29,	 8.18
 1104000000,	55.29,	 8.22
 1105000000,	55.29,	 8.41
 1106000000,	55.30,	 8.46
 1107000000,	55.31,	 8.45
 1108000000,	55.32,	 8.36
 1109000000,	55.33,	 8.39
 1110000000,	55.34,	 8.55
 1111000000,	55.35,	 8.30
 1112000000,	55.36,	 8.27
 1113000000,	55.37,	 8.34
 1114000000,	55.38,	 8.28
 1115000000,	55.38,	 8.38
 1116000000,	55.40,	 8.32
 1117000000,	55.41,	 8.59
 1118000000,	55.42,	 8.40
 1119000000,	55.42,	 8.41
 1120000000,	55.44,	 8.37
 1121000000,	55.45,	 8.55
 1122000000,	55.46,	 8.41
 1123000000,	55.47,	 8.43
 1124000000,	55.48,	 8.42
 1125000000,	55.49,	 8.52
 1126000000,	55.50,	 8.46
 1127000000,	55.51,	 8.35
 1128000000,	55.51,	 8.27
 1129000000,	55.52,	 8.43
 1130000000,	55.53,	 8.24
 1131000000,	55.54,	 8.46
 1132000000,	55.54,	 8.42
 1133000000,	55.55,	 8.23
 1134000000,	55.56,	 8.25
 1135000000,	55.57,	 8.39
 1136000000,	55.58,	 8.47
 1137000000,	55.58,	 8.26
 1138000000,	55.59,	 8.33
 1139000000,	55.59,	 8.26
 1140000000,	55.60,	 8.30
 1141000000,	55.61,	 8.36
 1142000000,	55.61,	 8.25
 1143000000,	55.62,	 8.30
 1144000000,	55.62,	 8.33
 1145000000,	55.62,	 8.43
 1146000000,	55.63,	 8.42
 1147000000,	55.63,	 8.34
 1148000000,	55.63,	 8.28
 1149000000,	55.63,	 8.44
 1150000000,	55.63,	 8.29
 1151000000,	55.64,	 8.24
 1152000000,	55.63,	 8.28
 1153000000,	55.63,	 8.45
 1154000000,	55.63,	 8.27
 1155000000,	55.63,	 8.18
 1156000000,	55.63,	 8.32
 1157000000,	55.63,	 8.25
 1158000000,	55.63,	 8.20
 1159000000,	55.63,	 8.26
 1160000000,	55.62,	 8.28
 1161000000,	55.62,	 8.29
 1162000000,	55.62,	 8.28
 1163000000,	55.62,	 8.30
 1164000000,	55.62,	 8.25
 1165000000,	55.62,	 8.22
 1166000000,	55.61,	 8.31
 1167000000,	55.61,	 8.19
 1168000000,	55.60,	 8.15
 1169000000,	55.60,	 8.29
 1170000000,	55.59,	 8.18
 1171000000,	55.59,	 8.29
 1172000000,	55.58,	 8.41
 1173000000,	55.58,	 8.20
 1174000000,	55.57,	 8.29
 1175000000,	55.57,	 8.28
 1176000000,	55.56,	 8.21
 1177000000,	55.56,	 8.25
 1178000000,	55.56,	 8.17
 1179000000,	55.55,	 8.25
 1180000000,	55.55,	 8.36
 1181000000,	55.55,	 8.36
 1182000000,	55.54,	 8.31
 1183000000,	55.54,	 8.28
 1184000000,	55.54,	 8.21
 1185000000,	55.54,	 8.37
 1186000000,	55.54,	 8.47
 1187000000,	55.54,	 8.37
 1188000000,	55.53,	 8.41
 1189000000,	55.53,	 8.20
 1190000000,	55.53,	 8.24
 1191000000,	55.53,	 8.48
 1192000000,	55.53,	 8.35
 1193000000,	55.52,	 8.44
 1194000000,	55.52,	 8.31
 1195000000,	55.52,	 8.50
 1196000000,	55.52,	 8.38
 1197000000,	55.52,	 8.42
 1198000000,	55.52,	 8.21
 1199000000,	55.52,	 8.32
 1200000000,	55.53,	 8.37
 1201000000,	55.54,	 8.38
 1202000000,	55.54,	 8.42
 1203000000,	55.55,	 8.51
 1204000000,	55.55,	 8.45
 1205000000,	55.56,	 8.40
 1206000000,	55.56,	 8.46
 1207000000,	55.57,	 8.30
 1208000000,	55.57,	 8.35
 1209000000,	55.58,	 8.54
 1210000000,	55.59,	 8.41
 1211000000,	55.60,	 8.47
 1212000000,	55.61,	 8.53
 1213000000,	55.62,	 8.47
 1214000000,	55.63,	 8.41
 1215000000,	55.64,	 8.48
 1216000000,	55.65,	 8.33
 1217000000,	55.66,	 8.42
 1218000000,	55.67,	 8.37
 1219000000,	55.69,	 8.35
 1220000000,	55.70,	 8.21
 1221000000,	55.70,	 8.40
 1222000000,	55.72,	 8.38
 1223000000,	55.72,	 8.30
 1224000000,	55.73,	 8.41
 1225000000,	55.75,	 8.20
 1226000000,	55.76,	 8.32
 1227000000,	55.77,	 8.28
 1228000000,	55.79,	 8.28
 1229000000,	55.80,	 8.39
 1230000000,	55.81,	 8.21
 1231000000,	55.83,	 8.22
 1232000000,	55.84,	 8.22
 1233000000,	55.86,	 8.38
 1234000000,	55.87,	 8.10
 1235000000,	55.89,	 8.26
 1236000000,	55.90,	 8.19
 1237000000,	55.92,	 8.20
 1238000000,	55.93,	 8.22
 1239000000,	55.94,	 8.20
 1240000000,	55.96,	 8.39
 1241000000,	55.97,	 8.26
 1242000000,	55.98,	 7.98
 1243000000,	55.99,	 8.06
 1244000000,	56.00,	 8.14
 1245000000,	56.01,	 8.00
 1246000000,	56.03,	 8.03
 1247000000,	56.04,	 8.10
 1248000000,	56.05,	 8.01
 1249000000,	56.06,	 7.90
 1250000000,	56.07,	 7.91
 1251000000,	56.08,	 7.97
 1252000000,	56.09,	 7.92
 1253000000,	56.09,	 7.95
 1254000000,	56.10,	 8.02
 1255000000,	56.11,	 8.02
 1256000000,	56.12,	 7.96
 1257000000,	56.13,	 8.16
 1258000000,	56.13,	 7.86
 1259000000,	56.14,	 7.95
 1260000000,	56.15,	 7.93
 1261000000,	56.15,	 8.04
 1262000000,	56.16,	 7.84
 1263000000,	56.16,	 7.83
 1264000000,	56.17,	 7.93
 1265000000,	56.17,	 7.93
 1266000000,	56.17,	 7.72
 1267000000,	56.18,	 7.71
 1268000000,	56.18,	 7.66
 1269000000,	56.18,	 7.70
 1270000000,	56.18,	 7.86
 1271000000,	56.18,	 7.90
 1272000000,	56.19,	 7.83
 1273000000,	56.18,	 7.68
 1274000000,	56.18,	 7.81
 1275000000,	56.18,	 7.84
 1276000000,	56.18,	 7.65
 1277000000,	56.18,	 7.67
 1278000000,	56.18,	 7.61
 1279000000,	56.17,	 7.82
 1280000000,	56.17,	 7.82
 1281000000,	56.17,	 7.80
 1282000000,	56.16,	 7.83
 1283000000,	56.16,	 7.64
 1284000000,	56.15,	 7.83
 1285000000,	56.14,	 7.67
 1286000000,	56.14,	 7.73
 1287000000,	56.14,	 7.65
 1288000000,	56.13,	 7.76
 1289000000,	56.13,	 7.54
 1290000000,	56.12,	 7.71
 1291000000,	56.11,	 7.77
 1292000000,	56.10,	 7.83
 1293000000,	56.10,	 7.75
 1294000000,	56.09,	 7.63
 1295000000,	56.08,	 7.77
 1296000000,	56.07,	 7.70
 1297000000,	56.06,	 7.60
 1298000000,	56.06,	 7.73
 1299000000,	56.05,	 7.75
 1300000000,	56.04,	 7.68
 1301000000,	56.03,	 7.61
 1302000000,	56.02,	 7.62
 1303000000,	56.01,	 7.69
 1304000000,	56.01,	 7.62
 1305000000,	56.00,	 7.66
 1306000000,	55.99,	 7.52
 1307000000,	55.98,	 7.72
 1308000000,	55.97,	 7.54
 1309000000,	55.97,	 7.64
 1310000000,	55.96,	 7.55
 1311000000,	55.95,	 7.50
 1312000000,	55.94,	 7.60
 1313000000,	55.94,	 7.72
 1314000000,	55.93,	 7.56
 1315000000,	55.92,	 7.63
 1316000000,	55.92,	 7.56
 1317000000,	55.91,	 7.56
 1318000000,	55.90,	 7.64
 1319000000,	55.90,	 7.60
 1320000000,	55.89,	 7.44
 1321000000,	55.89,	 7.62
 1322000000,	55.88,	 7.69
 1323000000,	55.88,	 7.60
 1324000000,	55.87,	 7.72
 1325000000,	55.87,	 7.81
 1326000000,	55.86,	 7.84
 1327000000,	55.86,	 7.69
 1328000000,	55.86,	 7.78
 1329000000,	55.85,	 7.82
 1330000000,	55.85,	 7.70
 1331000000,	55.85,	 7.75
 1332000000,	55.84,	 7.71
 1333000000,	55.84,	 7.82
 1334000000,	55.84,	 7.79
 1335000000,	55.84,	 7.67
 1336000000,	55.84,	 7.97
 1337000000,	55.84,	 7.67
 1338000000,	55.84,	 7.76
 1339000000,	55.85,	 7.85
 1340000000,	55.85,	 7.85
 1341000000,	55.85,	 7.81
 1342000000,	55.85,	 7.82
 1343000000,	55.86,	 7.71
 1344000000,	55.86,	 7.67
 1345000000,	55.86,	 7.73
 1346000000,	55.87,	 7.72
 1347000000,	55.87,	 7.99
 1348000000,	55.87,	 7.76
 1349000000,	55.88,	 7.84
 1350000000,	55.88,	 7.86
 1351000000,	55.88,	 7.76
 1352000000,	55.89,	 7.78
 1353000000,	55.89,	 7.70
 1354000000,	55.90,	 7.84
 1355000000,	55.90,	 8.03
 1356000000,	55.91,	 8.04
 1357000000,	55.91,	 8.10
 1358000000,	55.92,	 7.81
 1359000000,	55.92,	 7.86
 1360000000,	55.93,	 8.00
 1361000000,	55.95,	 7.93
 1362000000,	55.95,	 7.98
 1363000000,	55.96,	 8.04
 1364000000,	55.97,	 7.97
 1365000000,	55.98,	 7.96
 1366000000,	55.99,	 8.11
 1367000000,	56.00,	 8.04
 1368000000,	56.00,	 8.04
 1369000000,	56.00,	 7.99
 1370000000,	56.00,	 8.14
 1371000000,	56.01,	 8.09
 1372000000,	56.01,	 7.89
 1373000000,	56.01,	 8.33
 1374000000,	56.02,	 8.16
 1375000000,	56.02,	 8.22
 1376000000,	56.02,	 8.22
 1377000000,	56.02,	 8.25
 1378000000,	56.02,	 8.20
 1379000000,	56.02,	 8.17
 1380000000,	56.03,	 8.22
 1381000000,	56.03,	 8.39
 1382000000,	56.03,	 8.34
 1383000000,	56.03,	 8.42
 1384000000,	56.02,	 8.50
 1385000000,	56.02,	 8.35
 1386000000,	56.02,	 8.51
 1387000000,	56.02,	 8.56
 1388000000,	56.01,	 8.50
 1389000000,	56.01,	 8.62
 1390000000,	56.00,	 8.66
 1391000000,	55.99,	 8.40
 1392000000,	55.98,	 8.45
 1393000000,	55.97,	 8.81
 1394000000,	55.97,	 8.75
 1395000000,	55.95,	 8.79
 1396000000,	55.94,	 8.67
 1397000000,	55.94,	 8.80
 1398000000,	55.93,	 8.80
 1399000000,	55.91,	 8.81
 1400000000,	55.90,	 8.67
 1401000000,	55.89,	 8.87
 1402000000,	55.87,	 8.76
 1403000000,	55.85,	 8.85
 1404000000,	55.83,	 8.86
 1405000000,	55.81,	 8.75
 1406000000,	55.79,	 8.95
 1407000000,	55.77,	 8.99
 1408000000,	55.75,	 9.11
 1409000000,	55.73,	 8.96
 1410000000,	55.71,	 9.27
 1411000000,	55.68,	 9.39
 1412000000,	55.66,	 9.63
 1413000000,	55.64,	 9.47
 1414000000,	55.61,	 9.76
 1415000000,	55.60,	 9.70
 1416000000,	55.59,	 9.91
 1417000000,	55.58,	 9.84
 1418000000,	55.57,	 9.86
 1419000000,	55.57,	 9.79
 1420000000,	55.57,	 9.88
 1421000000,	55.56,	 9.96
 1422000000,	55.55,	 9.85
 1423000000,	55.55,	 9.85
 1424000000,	55.55,	 9.73
 1425000000,	55.54,	 9.76
 1426000000,	55.54,	 9.66
 1427000000,	55.53,	 9.63
 1428000000,	55.52,	 9.54
 1429000000,	55.51,	 9.51
 1430000000,	55.50,	 9.62
 1431000000,	55.48,	 9.68
 1432000000,	55.47,	 9.41
 1433000000,	55.45,	 9.55
 1434000000,	55.43,	 9.76
 1435000000,	55.42,	 9.44
 1436000000,	55.40,	 9.71
 1437000000,	55.38,	 9.72
 1438000000,	55.37,	 9.69
 1439000000,	55.35,	 9.73
 1440000000,	55.35,	 9.79
 1441000000,	55.34,	 9.82
 1442000000,	55.33,	 9.96
 1443000000,	55.32,	 9.99
 1444000000,	55.32,	 9.92
 1445000000,	55.32,	10.02
 1446000000,	55.32,	 9.83
 1447000000,	55.32,	 9.93
 1448000000,	55.32,	 9.98
 1449000000,	55.32,	 9.91
 1450000000,	55.32,	 9.86
 1451000000,	55.32,	 9.68
 1452000000,	55.32,	 9.71
 1453000000,	55.31,	 9.85
 1454000000,	55.30,	 9.65
 1455000000,	55.30,	 9.64
 1456000000,	55.29,	 9.70
 1457000000,	55.28,	 9.77
 1458000000,	55.27,	 9.73
 1459000000,	55.26,	 9.57
 1460000000,	55.25,	 9.55
 1461000000,	55.24,	 9.76
 1462000000,	55.22,	 9.57
 1463000000,	55.21,	 9.85
 1464000000,	55.20,	 9.69
 1465000000,	55.18,	 9.64
 1466000000,	55.17,	 9.57
 1467000000,	55.15,	 9.73
 1468000000,	55.14,	 9.75
 1469000000,	55.12,	 9.63
 1470000000,	55.10,	 9.68
 1471000000,	55.09,	 9.71
 1472000000,	55.07,	 9.69
 1473000000,	55.06,	 9.80
 1474000000,	55.05,	 9.61
 1475000000,	55.04,	 9.79
 1476000000,	55.04,	 9.56
 1477000000,	55.03,	 9.60
 1478000000,	55.03,	 9.70
 1479000000,	55.02,	 9.58
 1480000000,	55.02,	 9.40
 1481000000,	55.02,	 9.67
 1482000000,	55.02,	 9.50
 1483000000,	55.03,	 9.54
 1484000000,	55.03,	 9.56
 1485000000,	55.03,	 9.42
 1486000000,	55.04,	 9.59
 1487000000,	55.04,	 9.35
 1488000000,	55.05,	 9.19
 1489000000,	55.06,	 9.26
 1490000000,	55.06,	 9.47
 1491000000,	55.07,	 9.32
 1492000000,	55.08,	 9.40
 1493000000,	55.09,	 9.34
 1494000000,	55.10,	 9.26
 1495000000,	55.11,	 9.26
 1496000000,	55.13,	 9.23
 1497000000,	55.14,	 9.28
 1498000000,	55.15,	 9.20
 1499000000,	55.16,	 9.08
 1500000000,	55.17,	 9.12
 1501000000,	55.18,	 9.23
 1502000000,	55.19,	 9.20
 1503000000,	55.19,	 9.08
 1504000000,	55.20,	 9.16
 1505000000,	55.21,	 9.16
 1506000000,	55.22,	 9.06
 1507000000,	55.22,	 8.97
 1508000000,	55.23,	 9.06
 1509000000,	55.24,	 9.23
 1510000000,	55.24,	 8.92
 1511000000,	55.25,	 9.07
 1512000000,	55.26,	 8.98
 1513000000,	55.27,	 8.93
 1514000000,	55.27,	 9.07
 1515000000,	55.28,	 8.83
 1516000000,	55.29,	 9.04
 1517000000,	55.30,	 8.89
 1518000000,	55.30,	 8.88
 1519000000,	55.31,	 8.89
 1520000000,	55.32,	 8.69
 1521000000,	55.33,	 8.69
 1522000000,	55.34,	 8.97
 1523000000,	55.34,	 8.82
 1524000000,	55.35,	 8.84
 1525000000,	55.36,	 8.91
 1526000000,	55.36,	 8.78
 1527000000,	55.37,	 8.59
 1528000000,	55.38,	 8.84
 1529000000,	55.38,	 8.60
 1530000000,	55.39,	 8.81
 1531000000,	55.39,	 8.63
 1532000000,	55.40,	 8.74
 1533000000,	55.40,	 8.62
 1534000000,	55.41,	 8.66
 1535000000,	55.42,	 8.75
 1536000000,	55.42,	 8.59
 1537000000,	55.42,	 8.64
 1538000000,	55.43,	 8.70
 1539000000,	55.43,	 8.67
 1540000000,	55.44,	 8.66
 1541000000,	55.44,	 8.63
 1542000000,	55.44,	 8.66
 1543000000,	55.44,	 8.41
 1544000000,	55.45,	 8.62
 1545000000,	55.45,	 8.68
 1546000000,	55.45,	 8.61
 1547000000,	55.45,	 8.46
 1548000000,	55.45,	 8.55
 1549000000,	55.45,	 8.52
 1550000000,	55.45,	 8.40
 1551000000,	55.44,	 8.46
 1552000000,	55.44,	 8.41
 1553000000,	55.44,	 8.30
 1554000000,	55.44,	 8.42
 1555000000,	55.43,	 8.46
 1556000000,	55.43,	 8.33
 1557000000,	55.43,	 8.21
 1558000000,	55.42,	 8.39
 1559000000,	55.42,	 8.45
 1560000000,	55.42,	 8.44
 1561000000,	55.41,	 8.28
 1562000000,	55.41,	 8.24
 1563000000,	55.40,	 8.20
 1564000000,	55.39,	 8.20
 1565000000,	55.39,	 8.30
 1566000000,	55.38,	 8.33
 1567000000,	55.37,	 8.29
 1568000000,	55.37,	 8.28
 1569000000,	55.36,	 8.29
 1570000000,	55.35,	 8.31
 1571000000,	55.34,	 8.25
 1572000000,	55.34,	 8.16
 1573000000,	55.33,	 8.46
 1574000000,	55.32,	 8.14
 1575000000,	55.31,	 8.25
 1576000000,	55.30,	 8.21
 1577000000,	55.29,	 8.34
 1578000000,	55.28,	 8.40
 1579000000,	55.27,	 8.27
 1580000000,	55.26,	 8.25
 1581000000,	55.25,	 8.23
 1582000000,	55.24,	 8.36
 1583000000,	55.23,	 8.39
 1584000000,	55.22,	 8.38
 1585000000,	55.21,	 8.25
 1586000000,	55.20,	 8.27
 1587000000,	55.19,	 8.33
 1588000000,	55.17,	 8.50
 1589000000,	55.16,	 8.42
 1590000000,	55.15,	 8.38
 1591000000,	55.14,	 8.33
 1592000000,	55.13,	 8.45
 1593000000,	55.12,	 8.52
 1594000000,	55.11,	 8.50
 1595000000,	55.09,	 8.35
 1596000000,	55.08,	 8.55
 1597000000,	55.07,	 8.37
 1598000000,	55.06,	 8.46
 1599000000,	55.04,	 8.35
 1600000000,	55.03,	 8.44
 1601000000,	55.01,	 8.39
 1602000000,	55.00,	 8.47
 1603000000,	54.99,	 8.52
 1604000000,	54.97,	 8.65
 1605000000,	54.96,	 8.35
 1606000000,	54.94,	 8.54
 1607000000,	54.93,	 8.42
 1608000000,	54.91,	 8.50
 1609000000,	54.90,	 8.57
 1610000000,	54.89,	 8.59
 1611000000,	54.87,	 8.49
 1612000000,	54.86,	 8.46
 1613000000,	54.84,	 8.52
 1614000000,	54.83,	 8.67
 1615000000,	54.81,	 8.55
 1616000000,	54.80,	 8.75
 1617000000,	54.79,	 8.52
 1618000000,	54.77,	 8.46
 1619000000,	54.76,	 8.51
 1620000000,	54.75,	 8.66
 1621000000,	54.74,	 8.62
 1622000000,	54.73,	 8.60
 1623000000,	54.72,	 8.54
 1624000000,	54.71,	 8.57
 1625000000,	54.70,	 8.80
 1626000000,	54.69,	 8.75
 1627000000,	54.68,	 8.56
 1628000000,	54.67,	 8.51
 1629000000,	54.65,	 8.83
 1630000000,	54.65,	 8.75
 1631000000,	54.64,	 8.84
 1632000000,	54.63,	 8.70
 1633000000,	54.63,	 8.77
 1634000000,	54.63,	 8.71
 1635000000,	54.63,	 8.69
 1636000000,	54.63,	 8.68
 1637000000,	54.62,	 8.73
 1638000000,	54.62,	 8.94
 1639000000,	54.62,	 8.82
 1640000000,	54.61,	 8.70
 1641000000,	54.60,	 8.90
 1642000000,	54.60,	 8.87
 1643000000,	54.59,	 8.71
 1644000000,	54.58,	 8.58
 1645000000,	54.58,	 8.71
 1646000000,	54.57,	 8.73
 1647000000,	54.57,	 8.75
 1648000000,	54.56,	 8.66
 1649000000,	54.56,	 8.70
 1650000000,	54.55,	 8.73
 1651000000,	54.55,	 8.59
 1652000000,	54.55,	 8.54
 1653000000,	54.55,	 8.75
 1654000000,	54.55,	 8.74
 1655000000,	54.56,	 8.69
 1656000000,	54.56,	 8.51
 1657000000,	54.56,	 8.63
 1658000000,	54.56,	 8.56
 1659000000,	54.56,	 8.59
 1660000000,	54.56,	 8.63
 1661000000,	54.56,	 8.67
 1662000000,	54.56,	 8.58
 1663000000,	54.56,	 8.44
 1664000000,	54.57,	 8.78
 1665000000,	54.57,	 8.54
 1666000000,	54.57,	 8.66
 1667000000,	54.57,	 8.78
 1668000000,	54.57,	 8.60
 1669000000,	54.57,	 8.77
 1670000000,	54.57,	 8.71
