% f (Hz),	G_rec (dB),	T_e_rec (K)
900000000.000000,	58.025455,	8.082962
901000000.000000,	57.993544,	8.143649
902000000.000000,	58.000005,	8.033988
903000000.000000,	58.005805,	7.886422
904000000.000000,	57.985903,	7.831827
905000000.000000,	57.982301,	7.770512
906000000.000000,	57.959944,	7.780617
907000000.000000,	57.962005,	7.638044
908000000.000000,	57.945299,	7.709232
909000000.000000,	57.943259,	7.668468
910000000.000000,	57.906264,	7.818792
911000000.000000,	57.923452,	7.429239
912000000.000000,	57.901708,	7.632766
913000000.000000,	57.863378,	7.565484
914000000.000000,	57.867989,	7.399145
915000000.000000,	57.861641,	7.376182
916000000.000000,	57.847919,	7.361696
917000000.000000,	57.829727,	7.376718
918000000.000000,	57.829063,	7.458343
919000000.000000,	57.832472,	7.293263
920000000.000000,	57.787549,	7.481947
921000000.000000,	57.788704,	7.265756
922000000.000000,	57.772189,	7.368918
923000000.000000,	57.770622,	7.253126
924000000.000000,	57.742498,	7.285182
925000000.000000,	57.732894,	7.366956
926000000.000000,	57.739423,	7.214221
927000000.000000,	57.721005,	7.143562
928000000.000000,	57.718042,	7.150676
929000000.000000,	57.678997,	7.259960
930000000.000000,	57.693739,	7.128336
931000000.000000,	57.687308,	7.164770
932000000.000000,	57.665887,	7.244667
933000000.000000,	57.680532,	7.125199
934000000.000000,	57.654802,	7.282606
935000000.000000,	57.655166,	7.106320
936000000.000000,	57.669878,	7.146433
937000000.000000,	57.690554,	7.084366
938000000.000000,	57.680643,	7.026681
939000000.000000,	57.661282,	7.041763
940000000.000000,	57.665702,	7.125088
941000000.000000,	57.640502,	7.326822
942000000.000000,	57.671105,	7.156684
943000000.000000,	57.646702,	7.160377
944000000.000000,	57.663289,	7.224986
945000000.000000,	57.667788,	7.079925
946000000.000000,	57.654601,	7.156974
947000000.000000,	57.659571,	7.185237
948000000.000000,	57.665817,	7.188763
949000000.000000,	57.662584,	7.172978
950000000.000000,	57.680577,	7.048425
951000000.000000,	57.668626,	7.149679
952000000.000000,	57.676521,	7.104905
953000000.000000,	57.693236,	6.940008
954000000.000000,	57.686114,	7.165709
955000000.000000,	57.678868,	7.065677
956000000.000000,	57.709618,	7.022486
957000000.000000,	57.692997,	7.025640
958000000.000000,	57.714245,	6.961041
959000000.000000,	57.682409,	6.977068
960000000.000000,	57.713488,	6.873178
961000000.000000,	57.709451,	6.984233
962000000.000000,	57.710880,	6.962521
963000000.000000,	57.701164,	7.083528
964000000.000000,	57.712295,	6.945350
965000000.000000,	57.721555,	6.912212
966000000.000000,	57.715301,	6.800845
967000000.000000,	57.703087,	6.938188
968000000.000000,	57.699023,	6.856595
969000000.000000,	57.699504,	6.793728
970000000.000000,	57.713332,	6.791559
971000000.000000,	57.692581,	6.817957
972000000.000000,	57.706737,	6.683240
973000000.000000,	57.702190,	6.711336
974000000.000000,	57.686865,	6.569548
975000000.000000,	57.699495,	6.519165
976000000.000000,	57.675204,	6.711064
977000000.000000,	57.689952,	6.511075
978000000.000000,	57.686193,	6.625916
979000000.000000,	57.670225,	6.534745
980000000.000000,	57.675607,	6.595427
981000000.000000,	57.668201,	6.525751
982000000.000000,	57.674837,	6.573110
983000000.000000,	57.677277,	6.477476
984000000.000000,	57.678105,	6.427768
985000000.000000,	57.662559,	6.507158
986000000.000000,	57.667574,	6.503168
987000000.000000,	57.673389,	6.542797
988000000.000000,	57.690071,	6.529172
989000000.000000,	57.692111,	6.414824
990000000.000000,	57.690329,	6.524658
991000000.000000,	57.714491,	6.478743
992000000.000000,	57.702222,	6.529965
993000000.000000,	57.688272,	6.497699
994000000.000000,	57.691481,	6.510093
995000000.000000,	57.676582,	6.443787
996000000.000000,	57.647018,	6.358291
997000000.000000,	57.657003,	6.273241
998000000.000000,	57.637193,	6.540161
999000000.000000,	57.649883,	6.491183
1000000000.000000,	57.631380,	6.573697
1001000000.000000,	57.629557,	6.461951
1002000000.000000,	57.631348,	6.527387
1003000000.000000,	57.618809,	6.649364
1004000000.000000,	57.638058,	6.515918
1005000000.000000,	57.626861,	6.530032
1006000000.000000,	57.662927,	6.402374
1007000000.000000,	57.638706,	6.618423
1008000000.000000,	57.637491,	6.549428
1009000000.000000,	57.630448,	6.594254
1010000000.000000,	57.628428,	6.594533
1011000000.000000,	57.594381,	6.563793
1012000000.000000,	57.594734,	6.635409
1013000000.000000,	57.594238,	6.537826
1014000000.000000,	57.580823,	6.636461
1015000000.000000,	57.591224,	6.545941
1016000000.000000,	57.559065,	6.743733
1017000000.000000,	57.568147,	6.766944
1018000000.000000,	57.583357,	6.556703
1019000000.000000,	57.571568,	6.735097
1020000000.000000,	57.555788,	6.770453
1021000000.000000,	57.565127,	6.728627
1022000000.000000,	57.573762,	6.710616
1023000000.000000,	57.593970,	6.656920
1024000000.000000,	57.573135,	6.780098
1025000000.000000,	57.609036,	6.648595
1026000000.000000,	57.578301,	6.843387
1027000000.000000,	57.561411,	6.831003
1028000000.000000,	57.582712,	6.664267
1029000000.000000,	57.581807,	6.778564
1030000000.000000,	57.565623,	6.823750
1031000000.000000,	57.550795,	6.836053
1032000000.000000,	57.560445,	6.678949
1033000000.000000,	57.576826,	6.843824
1034000000.000000,	57.580121,	6.722410
1035000000.000000,	57.562764,	6.854758
1036000000.000000,	57.580240,	6.849488
1037000000.000000,	57.579545,	6.921790
1038000000.000000,	57.565719,	6.792455
1039000000.000000,	57.621374,	6.644874
1040000000.000000,	57.599132,	6.791808
1041000000.000000,	57.615020,	6.763362
1042000000.000000,	57.597459,	6.796276
1043000000.000000,	57.625787,	6.857425
1044000000.000000,	57.627182,	6.942484
1045000000.000000,	57.627816,	6.857462
1046000000.000000,	57.648330,	6.550323
1047000000.000000,	57.659439,	6.724697
1048000000.000000,	57.674162,	6.716058
1049000000.000000,	57.670810,	6.792871
1050000000.000000,	57.689348,	6.783348
1051000000.000000,	57.683101,	6.844330
1052000000.000000,	57.690544,	6.818824
1053000000.000000,	57.701290,	6.770844
1054000000.000000,	57.707022,	6.762624
1055000000.000000,	57.726134,	6.760067
1056000000.000000,	57.721077,	6.686789
1057000000.000000,	57.725980,	6.556356
1058000000.000000,	57.754126,	6.555525
1059000000.000000,	57.744476,	6.609689
1060000000.000000,	57.745646,	6.565873
1061000000.000000,	57.732290,	6.700800
1062000000.000000,	57.744365,	6.718178
1063000000.000000,	57.761020,	6.702425
1064000000.000000,	57.752789,	6.590945
1065000000.000000,	57.764292,	6.559235
1066000000.000000,	57.782022,	6.609261
1067000000.000000,	57.788402,	6.601045
1068000000.000000,	57.782598,	6.578328
1069000000.000000,	57.798789,	6.499854
1070000000.000000,	57.772551,	6.640565
1071000000.000000,	57.780949,	6.617335
1072000000.000000,	57.783107,	6.529484
1073000000.000000,	57.805721,	6.571795
1074000000.000000,	57.796374,	6.458353
1075000000.000000,	57.781974,	6.598590
1076000000.000000,	57.790395,	6.461921
1077000000.000000,	57.775377,	6.587131
1078000000.000000,	57.785909,	6.470035
1079000000.000000,	57.791700,	6.276998
1080000000.000000,	57.782441,	6.472953
1081000000.000000,	57.756745,	6.578344
1082000000.000000,	57.760360,	6.501509
1083000000.000000,	57.780860,	6.504280
1084000000.000000,	57.779184,	6.495018
1085000000.000000,	57.774419,	6.546013
1086000000.000000,	57.776738,	6.571981
1087000000.000000,	57.798100,	6.533903
1088000000.000000,	57.782802,	6.676760
1089000000.000000,	57.805306,	6.398286
1090000000.000000,	57.815706,	6.520581
1091000000.000000,	57.823552,	6.407809
1092000000.000000,	57.845480,	6.460004
1093000000.000000,	57.842536,	6.573331
1094000000.000000,	57.843161,	6.544618
1095000000.000000,	57.851295,	6.537200
1096000000.000000,	57.865374,	6.471083
1097000000.000000,	57.875263,	6.570774
1098000000.000000,	57.858221,	6.494333
1099000000.000000,	57.862048,	6.557686
1100000000.000000,	57.864824,	6.540790
1101000000.000000,	57.851808,	6.559992
1102000000.000000,	57.869767,	6.576916
1103000000.000000,	57.829977,	6.630045
1104000000.000000,	57.850708,	6.521764
1105000000.000000,	57.833721,	6.682185
1106000000.000000,	57.868196,	6.636239
1107000000.000000,	57.861922,	6.641842
1108000000.000000,	57.838736,	6.560250
1109000000.000000,	57.846670,	6.657778
1110000000.000000,	57.862617,	6.729197
1111000000.000000,	57.872420,	6.686164
1112000000.000000,	57.875730,	6.699004
1113000000.000000,	57.877858,	6.643335
1114000000.000000,	57.887523,	6.687841
1115000000.000000,	57.898066,	6.822869
1116000000.000000,	57.914560,	6.646139
1117000000.000000,	57.920645,	6.789446
1118000000.000000,	57.917292,	6.700737
1119000000.000000,	57.938597,	6.658577
1120000000.000000,	57.940059,	6.697943
1121000000.000000,	57.941975,	6.775382
1122000000.000000,	57.929999,	6.770119
1123000000.000000,	57.940732,	6.893953
1124000000.000000,	57.944254,	6.921606
1125000000.000000,	57.937046,	6.870541
1126000000.000000,	57.950560,	6.933686
1127000000.000000,	57.942511,	6.827235
1128000000.000000,	57.934507,	6.979783
1129000000.000000,	57.937248,	6.806152
1130000000.000000,	57.948803,	6.863149
1131000000.000000,	57.964972,	6.818006
1132000000.000000,	57.957931,	6.800505
1133000000.000000,	57.968919,	6.865554
1134000000.000000,	57.977872,	6.987748
1135000000.000000,	58.019762,	6.873124
1136000000.000000,	57.993974,	6.903835
1137000000.000000,	58.019132,	6.971896
1138000000.000000,	58.029343,	6.922671
1139000000.000000,	58.057964,	7.038409
1140000000.000000,	58.072670,	6.917236
1141000000.000000,	58.069202,	6.949447
1142000000.000000,	58.089707,	6.966420
1143000000.000000,	58.120225,	6.977319
1144000000.000000,	58.139643,	6.908236
1145000000.000000,	58.125249,	6.826522
1146000000.000000,	58.150207,	6.886879
1147000000.000000,	58.140672,	6.870163
1148000000.000000,	58.152649,	6.987675
1149000000.000000,	58.158579,	6.919852
1150000000.000000,	58.165526,	6.965532
1151000000.000000,	58.171577,	6.891132
1152000000.000000,	58.173232,	6.907452
1153000000.000000,	58.191227,	6.818128
1154000000.000000,	58.175817,	6.907592
1155000000.000000,	58.203215,	6.698746
1156000000.000000,	58.176764,	6.904319
1157000000.000000,	58.202854,	6.931906
1158000000.000000,	58.224874,	6.831220
1159000000.000000,	58.229599,	6.955331
1160000000.000000,	58.246035,	6.912428
1161000000.000000,	58.261966,	6.845503
1162000000.000000,	58.290485,	6.833372
1163000000.000000,	58.305707,	6.813062
1164000000.000000,	58.315601,	6.853457
1165000000.000000,	58.321702,	6.846814
1166000000.000000,	58.317124,	6.976018
1167000000.000000,	58.319768,	6.908345
1168000000.000000,	58.321048,	6.894726
1169000000.000000,	58.344617,	6.746150
1170000000.000000,	58.337541,	6.827062
1171000000.000000,	58.326489,	6.731453
1172000000.000000,	58.330565,	6.870092
1173000000.000000,	58.351999,	6.712737
1174000000.000000,	58.348673,	6.755156
1175000000.000000,	58.343480,	6.822428
1176000000.000000,	58.338723,	6.761470
1177000000.000000,	58.342129,	6.786312
1178000000.000000,	58.345044,	6.768380
1179000000.000000,	58.368202,	6.654792
1180000000.000000,	58.353812,	6.794733
1181000000.000000,	58.367630,	6.755130
1182000000.000000,	58.369107,	6.711773
1183000000.000000,	58.363429,	6.780310
1184000000.000000,	58.394565,	6.719191
1185000000.000000,	58.402514,	6.777995
1186000000.000000,	58.407065,	6.823635
1187000000.000000,	58.395268,	6.751667
1188000000.000000,	58.421806,	6.711508
1189000000.000000,	58.412487,	6.732201
1190000000.000000,	58.435912,	6.713212
1191000000.000000,	58.432475,	6.692012
1192000000.000000,	58.459652,	6.526866
1193000000.000000,	58.454502,	6.555463
1194000000.000000,	58.463102,	6.696035
1195000000.000000,	58.460614,	6.668439
1196000000.000000,	58.462102,	6.599451
1197000000.000000,	58.431138,	6.834554
1198000000.000000,	58.452424,	6.787694
1199000000.000000,	58.457176,	6.631899
1200000000.000000,	58.451504,	6.655005
1201000000.000000,	58.445252,	6.838774
1202000000.000000,	58.466161,	6.785109
1203000000.000000,	58.483219,	6.731425
1204000000.000000,	58.483546,	6.597629
1205000000.000000,	58.486159,	6.740209
1206000000.000000,	58.497699,	6.635829
1207000000.000000,	58.487405,	6.729293
1208000000.000000,	58.468350,	6.707878
1209000000.000000,	58.477623,	6.725970
1210000000.000000,	58.501911,	6.586868
1211000000.000000,	58.506862,	6.605492
1212000000.000000,	58.477330,	6.694887
1213000000.000000,	58.476687,	6.540866
1214000000.000000,	58.495401,	6.604633
1215000000.000000,	58.477360,	6.619624
1216000000.000000,	58.479383,	6.552893
1217000000.000000,	58.474326,	6.763964
1218000000.000000,	58.476315,	6.631794
1219000000.000000,	58.493880,	6.645186
1220000000.000000,	58.490701,	6.665054
1221000000.000000,	58.507115,	6.604875
1222000000.000000,	58.504867,	6.611677
1223000000.000000,	58.513702,	6.665151
1224000000.000000,	58.526688,	6.811746
1225000000.000000,	58.522757,	6.697756
1226000000.000000,	58.537609,	6.751253
1227000000.000000,	58.536968,	6.799834
1228000000.000000,	58.577668,	6.673297
1229000000.000000,	58.567068,	6.758793
1230000000.000000,	58.595549,	6.683428
1231000000.000000,	58.592272,	6.778982
1232000000.000000,	58.579897,	6.922112
1233000000.000000,	58.598314,	6.819336
1234000000.000000,	58.601154,	6.899429
1235000000.000000,	58.604000,	6.716939
1236000000.000000,	58.604651,	6.896143
1237000000.000000,	58.618556,	6.934865
1238000000.000000,	58.621466,	6.923037
1239000000.000000,	58.646534,	6.690857
1240000000.000000,	58.634616,	7.005281
1241000000.000000,	58.634291,	6.936518
1242000000.000000,	58.654303,	7.011264
1243000000.000000,	58.666134,	6.900259
1244000000.000000,	58.680002,	6.904660
1245000000.000000,	58.693929,	7.016978
1246000000.000000,	58.685366,	7.116101
1247000000.000000,	58.691201,	6.996223
1248000000.000000,	58.714464,	6.917545
1249000000.000000,	58.741587,	7.148841
1250000000.000000,	58.738454,	7.142108
1251000000.000000,	58.755419,	6.961424
1252000000.000000,	58.762688,	6.952740
1253000000.000000,	58.784200,	6.929868
1254000000.000000,	58.778234,	7.106345
1255000000.000000,	58.789901,	7.145473
1256000000.000000,	58.797890,	7.073760
1257000000.000000,	58.797524,	7.014735
1258000000.000000,	58.831069,	7.092547
1259000000.000000,	58.799315,	7.190808
1260000000.000000,	58.821296,	7.120544
1261000000.000000,	58.843363,	7.112045
1262000000.000000,	58.814368,	7.265233
1263000000.000000,	58.825625,	7.141470
1264000000.000000,	58.845821,	7.043582
1265000000.000000,	58.876251,	7.109743
1266000000.000000,	58.862126,	7.246815
1267000000.000000,	58.898675,	7.246284
1268000000.000000,	58.882085,	7.218285
1269000000.000000,	58.921815,	7.098524
1270000000.000000,	58.909236,	7.252545
1271000000.000000,	58.930423,	7.317501
1272000000.000000,	58.936195,	7.321100
1273000000.000000,	58.951933,	7.176959
1274000000.000000,	58.966543,	7.330433
1275000000.000000,	58.988447,	7.282338
1276000000.000000,	58.995071,	7.284444
1277000000.000000,	59.006112,	7.147980
1278000000.000000,	59.016267,	7.289765
1279000000.000000,	59.035259,	7.304413
1280000000.000000,	59.025876,	7.336555
1281000000.000000,	59.027203,	7.306468
1282000000.000000,	59.035388,	7.267247
1283000000.000000,	59.018473,	7.260899
1284000000.000000,	59.035800,	7.221838
1285000000.000000,	59.051738,	7.370630
1286000000.000000,	59.051383,	7.171283
1287000000.000000,	59.061437,	7.224617
1288000000.000000,	59.078400,	6.991284
1289000000.000000,	59.088847,	7.198991
1290000000.000000,	59.096715,	7.060452
1291000000.000000,	59.088885,	7.107871
1292000000.000000,	59.113616,	6.952629
1293000000.000000,	59.119267,	7.043017
1294000000.000000,	59.127293,	7.095296
1295000000.000000,	59.135815,	6.974905
1296000000.000000,	59.141571,	7.033574
1297000000.000000,	59.138156,	7.099805
1298000000.000000,	59.156521,	7.016416
1299000000.000000,	59.166845,	6.976410
1300000000.000000,	59.170938,	6.970154
1301000000.000000,	59.189340,	6.907429
1302000000.000000,	59.188595,	6.953437
1303000000.000000,	59.185074,	7.011669
1304000000.000000,	59.191923,	6.715973
1305000000.000000,	59.188587,	6.879831
1306000000.000000,	59.194833,	6.705563
1307000000.000000,	59.196897,	6.646288
1308000000.000000,	59.203771,	6.698703
1309000000.000000,	59.184882,	6.690743
1310000000.000000,	59.185284,	6.706059
1311000000.000000,	59.169946,	6.585528
1312000000.000000,	59.198821,	6.601596
1313000000.000000,	59.183625,	6.648559
1314000000.000000,	59.175004,	6.507309
1315000000.000000,	59.186035,	6.699731
1316000000.000000,	59.183030,	6.515220
1317000000.000000,	59.191130,	6.509779
1318000000.000000,	59.197719,	6.479417
1319000000.000000,	59.189140,	6.597210
1320000000.000000,	59.190489,	6.468303
1321000000.000000,	59.193974,	6.486528
1322000000.000000,	59.188546,	6.565792
1323000000.000000,	59.194390,	6.397578
1324000000.000000,	59.184689,	6.444038
1325000000.000000,	59.198386,	6.429553
1326000000.000000,	59.208226,	6.462726
1327000000.000000,	59.182469,	6.446367
1328000000.000000,	59.191381,	6.482528
1329000000.000000,	59.193564,	6.479092
1330000000.000000,	59.194673,	6.319692
1331000000.000000,	59.169175,	6.501435
1332000000.000000,	59.172573,	6.477392
1333000000.000000,	59.180141,	6.460378
1334000000.000000,	59.163351,	6.473345
1335000000.000000,	59.171664,	6.321375
1336000000.000000,	59.170462,	6.360326
1337000000.000000,	59.147865,	6.513054
1338000000.000000,	59.153843,	6.338638
1339000000.000000,	59.162082,	6.358104
1340000000.000000,	59.131592,	6.506858
1341000000.000000,	59.135399,	6.486798
1342000000.000000,	59.112633,	6.396353
1343000000.000000,	59.120767,	6.497976
1344000000.000000,	59.106691,	6.440066
1345000000.000000,	59.095258,	6.375423
1346000000.000000,	59.082648,	6.584382
1347000000.000000,	59.100003,	6.407091
1348000000.000000,	59.103439,	6.465779
1349000000.000000,	59.085309,	6.514249
1350000000.000000,	59.076463,	6.518214
1351000000.000000,	59.074863,	6.494753
1352000000.000000,	59.053338,	6.490729
1353000000.000000,	59.069352,	6.380850
1354000000.000000,	59.036326,	6.490107
1355000000.000000,	59.054730,	6.509274
1356000000.000000,	59.038354,	6.519251
1357000000.000000,	59.048563,	6.453763
1358000000.000000,	59.003933,	6.613353
1359000000.000000,	59.005438,	6.497471
1360000000.000000,	58.974380,	6.670065
1361000000.000000,	58.968282,	6.663507
1362000000.000000,	58.967664,	6.577522
1363000000.000000,	58.977497,	6.571277
1364000000.000000,	58.953001,	6.559241
1365000000.000000,	58.957915,	6.524950
1366000000.000000,	58.953439,	6.563751
1367000000.000000,	58.953868,	6.629578
1368000000.000000,	58.958930,	6.638946
1369000000.000000,	58.947624,	6.600014
1370000000.000000,	58.961612,	6.614771
1371000000.000000,	58.967063,	6.451627
1372000000.000000,	58.963952,	6.609137
1373000000.000000,	58.959178,	6.667053
1374000000.000000,	58.964046,	6.649415
1375000000.000000,	58.976260,	6.626252
1376000000.000000,	58.978412,	6.615348
1377000000.000000,	58.987308,	6.616965
1378000000.000000,	59.011423,	6.586498
1379000000.000000,	58.993744,	6.638443
1380000000.000000,	58.992322,	6.852440
1381000000.000000,	59.015076,	6.780913
1382000000.000000,	58.990768,	6.701594
1383000000.000000,	58.984849,	6.738350
1384000000.000000,	58.987119,	6.790079
1385000000.000000,	58.995199,	6.812127
1386000000.000000,	58.964698,	6.910642
1387000000.000000,	58.994450,	6.747099
1388000000.000000,	58.966946,	6.991468
1389000000.000000,	58.965234,	6.953122
1390000000.000000,	58.970928,	6.880817
1391000000.000000,	58.955735,	6.991527
1392000000.000000,	58.980041,	6.956921
1393000000.000000,	58.964938,	7.013220
1394000000.000000,	58.956555,	7.006515
1395000000.000000,	58.973090,	6.921587
1396000000.000000,	58.980781,	6.825905
1397000000.000000,	58.965776,	7.081594
1398000000.000000,	58.977300,	7.077433
1399000000.000000,	58.976506,	7.158031
1400000000.000000,	58.976605,	7.136096
1401000000.000000,	58.965220,	7.242483
1402000000.000000,	58.996601,	7.204859
1403000000.000000,	59.001170,	7.173638
1404000000.000000,	58.978328,	7.525148
1405000000.000000,	58.973114,	7.384735
1406000000.000000,	58.965843,	7.581717
1407000000.000000,	58.993763,	7.476074
1408000000.000000,	58.941733,	7.706906
1409000000.000000,	58.939580,	7.761356
1410000000.000000,	58.912711,	7.913364
1411000000.000000,	58.906879,	7.866384
1412000000.000000,	58.887102,	8.001250
1413000000.000000,	58.877745,	8.031287
1414000000.000000,	58.869833,	8.142342
1415000000.000000,	58.849694,	8.367327
1416000000.000000,	58.834429,	8.563442
1417000000.000000,	58.834896,	8.710636
1418000000.000000,	58.808547,	8.660608
1419000000.000000,	58.813913,	8.770045
1420000000.000000,	58.820363,	8.899627
1421000000.000000,	58.803543,	8.953455
1422000000.000000,	58.826064,	8.932974
1423000000.000000,	58.843212,	8.828323
1424000000.000000,	58.873073,	8.655654
1425000000.000000,	58.881079,	8.822469
1426000000.000000,	58.890953,	8.697764
1427000000.000000,	58.924874,	8.477714
1428000000.000000,	58.932844,	8.362725
1429000000.000000,	58.936237,	8.241993
1430000000.000000,	58.958715,	8.162892
1431000000.000000,	58.952769,	8.182051
1432000000.000000,	58.962692,	7.808526
1433000000.000000,	58.944209,	7.945787
1434000000.000000,	58.949426,	8.005463
1435000000.000000,	58.963353,	7.764291
1436000000.000000,	58.940572,	7.740109
1437000000.000000,	58.952880,	7.751503
1438000000.000000,	58.935962,	7.663356
1439000000.000000,	58.944047,	7.734030
1440000000.000000,	58.923734,	7.668081
1441000000.000000,	58.917372,	7.760247
1442000000.000000,	58.930032,	7.628954
1443000000.000000,	58.917833,	7.727531
1444000000.000000,	58.927935,	7.529693
1445000000.000000,	58.925235,	7.673767
1446000000.000000,	58.904379,	7.661968
1447000000.000000,	58.895501,	7.661816
1448000000.000000,	58.877597,	7.745359
1449000000.000000,	58.878301,	7.719248
1450000000.000000,	58.885319,	7.691389
1451000000.000000,	58.882537,	7.753941
1452000000.000000,	58.878163,	7.767392
1453000000.000000,	58.860200,	7.852965
1454000000.000000,	58.845852,	7.712423
1455000000.000000,	58.843432,	7.905314
1456000000.000000,	58.829913,	7.867329
1457000000.000000,	58.811829,	7.795613
1458000000.000000,	58.818941,	7.740679
1459000000.000000,	58.813826,	7.662019
1460000000.000000,	58.795406,	7.726070
1461000000.000000,	58.806223,	7.753132
1462000000.000000,	58.813262,	7.731966
1463000000.000000,	58.799070,	7.685260
1464000000.000000,	58.777471,	7.710777
1465000000.000000,	58.756685,	7.793792
1466000000.000000,	58.776691,	7.670763
1467000000.000000,	58.778837,	7.570938
1468000000.000000,	58.742683,	7.641310
1469000000.000000,	58.742481,	7.674266
1470000000.000000,	58.743380,	7.631207
1471000000.000000,	58.723624,	7.619183
1472000000.000000,	58.729789,	7.585256
1473000000.000000,	58.704058,	7.532842
1474000000.000000,	58.693013,	7.723284
1475000000.000000,	58.690057,	7.572871
1476000000.000000,	58.685184,	7.423738
1477000000.000000,	58.690538,	7.418548
1478000000.000000,	58.679300,	7.665126
1479000000.000000,	58.672091,	7.416055
1480000000.000000,	58.682904,	7.471881
1481000000.000000,	58.679406,	7.357278
1482000000.000000,	58.684724,	7.355668
1483000000.000000,	58.685994,	7.289958
1484000000.000000,	58.677378,	7.505657
1485000000.000000,	58.683660,	7.494470
1486000000.000000,	58.692337,	7.463386
1487000000.000000,	58.712567,	7.376064
1488000000.000000,	58.692077,	7.395307
1489000000.000000,	58.695712,	7.476916
1490000000.000000,	58.693834,	7.507977
1491000000.000000,	58.703952,	7.466300
1492000000.000000,	58.711828,	7.243399
1493000000.000000,	58.700812,	7.341637
1494000000.000000,	58.719008,	7.381697
1495000000.000000,	58.688831,	7.399283
1496000000.000000,	58.678480,	7.285425
1497000000.000000,	58.670326,	7.338534
1498000000.000000,	58.667583,	7.487858
1499000000.000000,	58.672388,	7.373039
1500000000.000000,	58.649005,	7.436287
1501000000.000000,	58.640737,	7.542992
1502000000.000000,	58.649857,	7.403205
1503000000.000000,	58.651176,	7.420917
1504000000.000000,	58.631426,	7.519273
1505000000.000000,	58.617603,	7.541774
1506000000.000000,	58.618807,	7.513530
1507000000.000000,	58.642971,	7.350491
1508000000.000000,	58.631394,	7.475098
1509000000.000000,	58.624516,	7.554460
1510000000.000000,	58.647195,	7.359402
1511000000.000000,	58.646793,	7.362853
1512000000.000000,	58.626241,	7.452937
1513000000.000000,	58.645068,	7.409873
1514000000.000000,	58.611434,	7.645106
1515000000.000000,	58.619193,	7.582442
1516000000.000000,	58.614490,	7.643731
1517000000.000000,	58.603800,	7.601056
1518000000.000000,	58.602872,	7.611153
1519000000.000000,	58.578838,	7.587711
1520000000.000000,	58.579498,	7.505567
1521000000.000000,	58.562168,	7.639961
1522000000.000000,	58.549373,	7.624318
1523000000.000000,	58.528222,	7.586149
1524000000.000000,	58.518526,	7.603671
1525000000.000000,	58.502847,	7.654906
1526000000.000000,	58.473184,	7.656519
1527000000.000000,	58.497392,	7.627871
1528000000.000000,	58.478271,	7.671169
1529000000.000000,	58.457261,	7.788338
1530000000.000000,	58.459182,	7.710232
1531000000.000000,	58.446819,	7.719772
1532000000.000000,	58.452919,	7.670986
1533000000.000000,	58.444611,	7.630762
1534000000.000000,	58.457093,	7.600771
1535000000.000000,	58.464790,	7.718777
1536000000.000000,	58.436819,	7.635780
1537000000.000000,	58.449023,	7.568169
1538000000.000000,	58.435029,	7.657127
1539000000.000000,	58.431869,	7.650993
1540000000.000000,	58.409712,	7.406385
1541000000.000000,	58.398058,	7.609896
1542000000.000000,	58.382646,	7.633843
1543000000.000000,	58.369781,	7.520026
1544000000.000000,	58.334728,	7.557456
1545000000.000000,	58.321322,	7.536692
1546000000.000000,	58.283493,	7.496828
1547000000.000000,	58.264397,	7.634799
1548000000.000000,	58.212305,	7.522854
1549000000.000000,	58.192897,	7.540668
1550000000.000000,	58.186534,	7.441141
1551000000.000000,	58.146867,	7.390338
1552000000.000000,	58.124605,	7.336664
1553000000.000000,	58.102752,	7.395467
1554000000.000000,	58.061601,	7.507894
1555000000.000000,	58.049570,	7.302763
1556000000.000000,	58.018490,	7.434291
1557000000.000000,	58.003720,	7.413639
1558000000.000000,	57.986544,	7.350992
1559000000.000000,	57.986161,	7.249510
1560000000.000000,	57.943163,	7.390874
1561000000.000000,	57.916126,	7.289087
1562000000.000000,	57.891306,	7.570768
1563000000.000000,	57.890521,	7.253991
1564000000.000000,	57.847153,	7.332459
1565000000.000000,	57.844830,	7.278038
1566000000.000000,	57.810707,	7.217543
1567000000.000000,	57.774450,	7.343652
1568000000.000000,	57.748407,	7.197369
1569000000.000000,	57.711700,	7.369615
1570000000.000000,	57.693698,	7.230977
1571000000.000000,	57.637420,	7.365174
1572000000.000000,	57.628249,	7.242539
1573000000.000000,	57.597505,	7.130080
1574000000.000000,	57.536487,	7.337645
1575000000.000000,	57.529106,	7.227647
1576000000.000000,	57.499342,	7.324181
1577000000.000000,	57.480987,	7.398935
1578000000.000000,	57.445662,	7.418949
1579000000.000000,	57.437723,	7.144405
1580000000.000000,	57.426845,	7.211891
1581000000.000000,	57.398016,	7.309481
1582000000.000000,	57.390631,	7.085181
1583000000.000000,	57.349971,	7.456876
1584000000.000000,	57.338976,	7.134749
1585000000.000000,	57.321021,	7.239331
1586000000.000000,	57.293057,	7.429621
1587000000.000000,	57.287073,	7.238497
1588000000.000000,	57.273442,	7.172111
1589000000.000000,	57.256692,	7.277801
1590000000.000000,	57.218490,	7.527415
1591000000.000000,	57.199681,	7.308939
1592000000.000000,	57.189970,	7.424601
1593000000.000000,	57.170172,	7.483217
1594000000.000000,	57.138508,	7.454360
1595000000.000000,	57.139937,	7.338850
1596000000.000000,	57.082706,	7.369940
1597000000.000000,	57.102176,	7.334028
1598000000.000000,	57.064472,	7.309367
1599000000.000000,	57.054338,	7.412761
1600000000.000000,	57.019623,	7.378673
1601000000.000000,	57.010661,	7.394576
1602000000.000000,	57.004438,	7.387189
1603000000.000000,	56.985222,	7.314613
1604000000.000000,	56.966537,	7.398606
1605000000.000000,	56.932095,	7.380468
1606000000.000000,	56.928406,	7.566830
1607000000.000000,	56.930434,	7.536818
1608000000.000000,	56.910819,	7.537959
1609000000.000000,	56.914757,	7.395025
1610000000.000000,	56.879699,	7.478822
1611000000.000000,	56.884045,	7.446749
1612000000.000000,	56.872477,	7.506525
1613000000.000000,	56.849928,	7.527880
1614000000.000000,	56.834583,	7.616895
1615000000.000000,	56.842597,	7.300870
1616000000.000000,	56.805669,	7.629575
1617000000.000000,	56.779408,	7.857623
1618000000.000000,	56.761120,	7.849820
1619000000.000000,	56.748839,	7.750112
1620000000.000000,	56.733549,	7.617098
1621000000.000000,	56.733683,	7.660030
1622000000.000000,	56.727872,	7.671622
1623000000.000000,	56.692906,	7.817841
1624000000.000000,	56.696730,	7.671555
1625000000.000000,	56.674356,	7.809105
1626000000.000000,	56.666503,	7.710806
1627000000.000000,	56.675490,	7.751474
1628000000.000000,	56.673166,	7.687309
1629000000.000000,	56.661916,	7.689940
1630000000.000000,	56.660927,	7.548806
1631000000.000000,	56.663799,	7.711416
1632000000.000000,	56.635348,	7.651717
1633000000.000000,	56.636785,	7.739906
1634000000.000000,	56.643611,	7.639005
1635000000.000000,	56.613932,	7.819418
1636000000.000000,	56.596999,	7.848876
1637000000.000000,	56.604948,	7.526720
1638000000.000000,	56.559863,	7.618053
1639000000.000000,	56.556826,	7.901005
1640000000.000000,	56.552013,	7.830162
1641000000.000000,	56.556443,	7.662742
1642000000.000000,	56.538566,	7.691723
1643000000.000000,	56.502443,	7.705434
1644000000.000000,	56.488972,	7.692121
1645000000.000000,	56.488406,	7.629549
1646000000.000000,	56.481091,	7.509719
1647000000.000000,	56.454047,	7.696546
1648000000.000000,	56.423213,	7.781695
1649000000.000000,	56.425284,	7.755930
1650000000.000000,	56.404313,	7.742405
1651000000.000000,	56.376187,	7.797504
1652000000.000000,	56.362733,	7.782137
1653000000.000000,	56.346359,	7.778739
1654000000.000000,	56.362072,	7.612275
1655000000.000000,	56.314586,	7.782229
1656000000.000000,	56.311274,	7.718025
1657000000.000000,	56.277464,	7.871911
1658000000.000000,	56.257627,	7.892096
1659000000.000000,	56.207324,	7.945185
1660000000.000000,	56.221974,	7.767030
1661000000.000000,	56.180142,	7.996887
1662000000.000000,	56.152007,	7.911144
1663000000.000000,	56.122982,	7.997600
1664000000.000000,	56.097828,	8.175826
1665000000.000000,	56.078947,	8.110832
1666000000.000000,	56.058977,	8.100380
1667000000.000000,	56.030211,	8.102375
1668000000.000000,	56.018137,	8.220751
1669000000.000000,	55.968667,	8.403495
1670000000.000000,	55.943245,	8.520382



