% f (Hz),G_rec (dB),T_e_rec (K)
  580000000,	55.30,	4.83
  581000000,	55.30,	4.70
  582000000,	55.30,	4.75
  583000000,	55.30,	4.84
  584000000,	55.30,	4.72
  585000000,	55.29,	4.65
  586000000,	55.29,	4.73
  587000000,	55.29,	4.70
  588000000,	55.28,	4.72
  589000000,	55.28,	4.74
  590000000,	55.27,	4.72
  591000000,	55.26,	4.61
  592000000,	55.26,	4.60
  593000000,	55.25,	4.67
  594000000,	55.24,	4.67
  595000000,	55.24,	4.63
  596000000,	55.23,	4.56
  597000000,	55.23,	4.55
  598000000,	55.22,	4.64
  599000000,	55.21,	4.58
  600000000,	55.21,	4.63
  601000000,	55.20,	4.61
  602000000,	55.19,	4.47
  603000000,	55.19,	4.49
  604000000,	55.19,	4.51
  605000000,	55.18,	4.42
  606000000,	55.17,	4.62
  607000000,	55.17,	4.47
  608000000,	55.16,	4.44
  609000000,	55.15,	4.39
  610000000,	55.15,	4.47
  611000000,	55.14,	4.36
  612000000,	55.13,	4.33
  613000000,	55.12,	4.41
  614000000,	55.12,	4.48
  615000000,	55.11,	4.27
  616000000,	55.11,	4.30
  617000000,	55.10,	4.39
  618000000,	55.10,	4.36
  619000000,	55.09,	4.41
  620000000,	55.08,	4.33
  621000000,	55.07,	4.42
  622000000,	55.07,	4.22
  623000000,	55.06,	4.22
  624000000,	55.06,	4.41
  625000000,	55.05,	4.40
  626000000,	55.05,	4.22
  627000000,	55.04,	4.33
  628000000,	55.04,	4.32
  629000000,	55.03,	4.25
  630000000,	55.03,	4.27
  631000000,	55.02,	4.40
  632000000,	55.02,	4.21
  633000000,	55.02,	4.39
  634000000,	55.01,	4.46
  635000000,	55.01,	4.35
  636000000,	55.00,	4.11
  637000000,	55.00,	4.32
  638000000,	54.99,	4.16
  639000000,	54.99,	4.25
  640000000,	54.99,	4.22
  641000000,	54.98,	4.36
  642000000,	54.98,	4.15
  643000000,	54.97,	4.27
  644000000,	54.97,	4.29
  645000000,	54.96,	4.16
  646000000,	54.95,	4.23
  647000000,	54.95,	4.24
  648000000,	54.94,	4.21
  649000000,	54.94,	4.09
  650000000,	54.93,	4.25
  651000000,	54.93,	4.13
  652000000,	54.92,	4.20
  653000000,	54.91,	4.20
  654000000,	54.91,	4.14
  655000000,	54.90,	4.20
  656000000,	54.89,	4.23
  657000000,	54.89,	4.25
  658000000,	54.88,	4.06
  659000000,	54.88,	4.05
  660000000,	54.87,	4.12
  661000000,	54.87,	4.18
  662000000,	54.86,	4.07
  663000000,	54.85,	4.06
  664000000,	54.85,	4.13
  665000000,	54.84,	4.21
  666000000,	54.84,	4.19
  667000000,	54.83,	4.19
  668000000,	54.83,	4.20
  669000000,	54.83,	4.28
  670000000,	54.82,	4.19
  671000000,	54.82,	4.15
  672000000,	54.81,	4.19
  673000000,	54.81,	4.15
  674000000,	54.81,	4.19
  675000000,	54.81,	4.18
  676000000,	54.80,	4.13
  677000000,	54.80,	4.22
  678000000,	54.80,	4.18
  679000000,	54.79,	4.23
  680000000,	54.79,	4.22
  681000000,	54.79,	4.20
  682000000,	54.79,	4.21
  683000000,	54.79,	4.29
  684000000,	54.79,	4.23
  685000000,	54.79,	4.24
  686000000,	54.79,	4.32
  687000000,	54.79,	4.36
  688000000,	54.79,	4.28
  689000000,	54.79,	4.38
  690000000,	54.79,	4.29
  691000000,	54.79,	4.28
  692000000,	54.79,	4.33
  693000000,	54.79,	4.33
  694000000,	54.79,	4.27
  695000000,	54.79,	4.32
  696000000,	54.79,	4.26
  697000000,	54.79,	4.30
  698000000,	54.79,	4.24
  699000000,	54.79,	4.22
  700000000,	54.79,	4.31
  701000000,	54.79,	4.37
  702000000,	54.79,	4.27
  703000000,	54.79,	4.36
  704000000,	54.79,	4.36
  705000000,	54.79,	4.33
  706000000,	54.79,	4.38
  707000000,	54.78,	4.25
  708000000,	54.78,	4.32
  709000000,	54.78,	4.28
  710000000,	54.78,	4.32
  711000000,	54.77,	4.31
  712000000,	54.77,	4.42
  713000000,	54.76,	4.29
  714000000,	54.76,	4.22
  715000000,	54.75,	4.40
  716000000,	54.75,	4.37
  717000000,	54.74,	4.28
  718000000,	54.74,	4.29
  719000000,	54.73,	4.36
  720000000,	54.72,	4.33
  721000000,	54.72,	4.41
  722000000,	54.71,	4.36
  723000000,	54.70,	4.40
  724000000,	54.69,	4.41
  725000000,	54.69,	4.38
  726000000,	54.68,	4.35
  727000000,	54.67,	4.44
  728000000,	54.66,	4.53
  729000000,	54.65,	4.59
  730000000,	54.64,	4.54
  731000000,	54.64,	4.42
  732000000,	54.63,	4.49
  733000000,	54.62,	4.53
  734000000,	54.61,	4.52
  735000000,	54.60,	4.52
  736000000,	54.60,	4.54
  737000000,	54.59,	4.53
  738000000,	54.58,	4.61
  739000000,	54.58,	4.68
  740000000,	54.57,	4.69
  741000000,	54.56,	4.76
  742000000,	54.56,	4.63
  743000000,	54.55,	4.64
  744000000,	54.54,	4.71
  745000000,	54.54,	4.69
  746000000,	54.54,	4.77
  747000000,	54.53,	4.81
  748000000,	54.53,	4.80
  749000000,	54.53,	4.68
  750000000,	54.53,	4.80
  751000000,	54.53,	4.82
  752000000,	54.52,	4.83
  753000000,	54.52,	4.89
  754000000,	54.53,	4.83
  755000000,	54.53,	4.87
  756000000,	54.53,	4.86
  757000000,	54.53,	4.93
  758000000,	54.54,	4.88
  759000000,	54.54,	4.89
  760000000,	54.55,	4.93
  761000000,	54.55,	4.96
  762000000,	54.56,	4.98
  763000000,	54.56,	4.83
  764000000,	54.57,	4.96
  765000000,	54.58,	4.90
  766000000,	54.59,	4.85
  767000000,	54.60,	4.87
  768000000,	54.61,	4.88
  769000000,	54.62,	4.97
  770000000,	54.64,	4.80
  771000000,	54.65,	4.81
  772000000,	54.66,	4.88
  773000000,	54.67,	4.87
  774000000,	54.68,	4.81
  775000000,	54.70,	4.82
  776000000,	54.71,	4.86
  777000000,	54.73,	4.87
  778000000,	54.74,	4.80
  779000000,	54.75,	4.73
  780000000,	54.77,	4.88
  781000000,	54.78,	4.80
  782000000,	54.80,	4.69
  783000000,	54.81,	4.69
  784000000,	54.82,	4.61
  785000000,	54.84,	4.64
  786000000,	54.85,	4.55
  787000000,	54.86,	4.63
  788000000,	54.87,	4.60
  789000000,	54.88,	4.60
  790000000,	54.89,	4.60
  791000000,	54.90,	4.61
  792000000,	54.91,	4.51
  793000000,	54.92,	4.59
  794000000,	54.93,	4.56
  795000000,	54.94,	4.52
  796000000,	54.95,	4.59
  797000000,	54.95,	4.40
  798000000,	54.96,	4.42
  799000000,	54.97,	4.44
  800000000,	54.97,	4.42
  801000000,	54.97,	4.47
  802000000,	54.98,	4.52
  803000000,	54.98,	4.59
  804000000,	54.98,	4.54
  805000000,	54.98,	4.50
  806000000,	54.98,	4.43
  807000000,	54.97,	4.57
  808000000,	54.97,	4.55
  809000000,	54.97,	4.61
  810000000,	54.97,	4.52
  811000000,	54.96,	4.57
  812000000,	54.95,	4.62
  813000000,	54.95,	4.53
  814000000,	54.94,	4.67
  815000000,	54.93,	4.60
  816000000,	54.92,	4.72
  817000000,	54.91,	4.73
  818000000,	54.90,	4.68
  819000000,	54.90,	4.69
  820000000,	54.88,	4.81
  821000000,	54.87,	4.76
  822000000,	54.86,	5.06
  823000000,	54.85,	4.91
  824000000,	54.84,	4.97
  825000000,	54.82,	5.00
  826000000,	54.81,	5.00
  827000000,	54.80,	5.08
  828000000,	54.79,	5.01
  829000000,	54.78,	5.09
  830000000,	54.77,	5.12
  831000000,	54.76,	5.19
  832000000,	54.75,	5.05
  833000000,	54.74,	5.21
  834000000,	54.73,	5.24
  835000000,	54.72,	5.23
  836000000,	54.71,	5.29
  837000000,	54.71,	5.33
  838000000,	54.70,	5.27
  839000000,	54.69,	5.40
  840000000,	54.69,	5.37
  841000000,	54.68,	5.25
  842000000,	54.68,	5.35
  843000000,	54.67,	5.45
  844000000,	54.67,	5.37
  845000000,	54.66,	5.48
  846000000,	54.66,	5.55
  847000000,	54.66,	5.37
  848000000,	54.66,	5.36
  849000000,	54.66,	5.51
  850000000,	54.66,	5.46
  851000000,	54.67,	5.42
  852000000,	54.67,	5.43
  853000000,	54.67,	5.48
  854000000,	54.68,	5.36
  855000000,	54.69,	5.44
  856000000,	54.69,	5.33
  857000000,	54.71,	5.36
  858000000,	54.71,	5.45
  859000000,	54.72,	5.37
  860000000,	54.73,	5.36
  861000000,	54.75,	5.28
  862000000,	54.76,	5.37
  863000000,	54.78,	5.32
  864000000,	54.79,	5.29
  865000000,	54.81,	5.21
  866000000,	54.82,	5.27
  867000000,	54.84,	5.28
  868000000,	54.85,	5.19
  869000000,	54.87,	5.15
  870000000,	54.89,	5.12
  871000000,	54.91,	5.23
  872000000,	54.92,	5.09
  873000000,	54.94,	5.14
  874000000,	54.96,	5.01
  875000000,	54.98,	4.92
  876000000,	55.00,	5.04
  877000000,	55.02,	5.00
  878000000,	55.04,	4.96
  879000000,	55.06,	4.96
  880000000,	55.07,	4.87
  881000000,	55.09,	5.01
  882000000,	55.11,	4.84
  883000000,	55.12,	4.92
  884000000,	55.14,	4.93
  885000000,	55.16,	4.89
  886000000,	55.17,	4.97
  887000000,	55.19,	4.90
  888000000,	55.20,	4.97
  889000000,	55.21,	4.97
  890000000,	55.22,	4.97
  891000000,	55.24,	5.02
  892000000,	55.24,	5.00
  893000000,	55.25,	5.04
  894000000,	55.26,	5.02
  895000000,	55.27,	4.99
  896000000,	55.27,	5.04
  897000000,	55.27,	5.14
  898000000,	55.28,	5.20
  899000000,	55.28,	5.18
  900000000,	55.27,	5.14
  901000000,	55.27,	5.31
  902000000,	55.27,	5.41
  903000000,	55.26,	5.31
  904000000,	55.26,	5.44
  905000000,	55.25,	5.52
  906000000,	55.24,	5.61
  907000000,	55.23,	5.82
  908000000,	55.22,	5.74
  909000000,	55.21,	5.82
  910000000,	55.20,	5.93
  911000000,	55.19,	5.81
  912000000,	55.17,	5.81
  913000000,	55.16,	5.81
  914000000,	55.15,	5.83
  915000000,	55.14,	5.70
  916000000,	55.14,	5.58
  917000000,	55.13,	5.65
  918000000,	55.12,	5.62
  919000000,	55.11,	5.66
  920000000,	55.11,	5.63
  921000000,	55.10,	5.64
  922000000,	55.09,	5.66
  923000000,	55.08,	5.60
  924000000,	55.07,	5.85
  925000000,	55.06,	5.77
  926000000,	55.04,	5.76
  927000000,	55.03,	5.92
  928000000,	55.02,	5.84
  929000000,	55.01,	5.78
  930000000,	55.00,	5.78
  931000000,	54.98,	5.78
  932000000,	54.97,	5.84
  933000000,	54.96,	5.83
  934000000,	54.95,	5.97
  935000000,	54.94,	5.85
  936000000,	54.93,	5.94
  937000000,	54.93,	5.83
  938000000,	54.92,	5.85
  939000000,	54.91,	5.88
  940000000,	54.90,	5.97
  941000000,	54.90,	5.93
  942000000,	54.90,	5.95
  943000000,	54.90,	6.00
  944000000,	54.89,	6.20
  945000000,	54.89,	6.14
  946000000,	54.89,	6.15
  947000000,	54.90,	6.27
  948000000,	54.90,	6.16
  949000000,	54.90,	6.32
  950000000,	54.90,	6.35
  951000000,	54.91,	6.26
  952000000,	54.92,	6.42
  953000000,	54.93,	6.43
  954000000,	54.93,	6.37
  955000000,	54.94,	6.47
  956000000,	54.95,	6.48
  957000000,	54.97,	6.37
  958000000,	54.98,	6.63
  959000000,	54.99,	6.55
  960000000,	55.01,	6.44
  961000000,	55.02,	6.55
  962000000,	55.04,	6.57
  963000000,	55.06,	6.56
  964000000,	55.08,	6.37
  965000000,	55.10,	6.54
  966000000,	55.12,	6.35
  967000000,	55.14,	6.33
  968000000,	55.16,	6.35
  969000000,	55.18,	6.28
  970000000,	55.20,	6.34
  971000000,	55.21,	6.30
  972000000,	55.24,	6.30
  973000000,	55.26,	6.29
  974000000,	55.28,	6.27
  975000000,	55.30,	6.12
  976000000,	55.32,	6.22
  977000000,	55.34,	6.17
  978000000,	55.36,	6.34
  979000000,	55.38,	6.19
  980000000,	55.40,	6.20
  981000000,	55.42,	6.18
  982000000,	55.44,	6.11
  983000000,	55.46,	6.17
  984000000,	55.47,	6.15
  985000000,	55.49,	6.14
  986000000,	55.50,	6.02
  987000000,	55.52,	6.25
  988000000,	55.53,	6.16
  989000000,	55.55,	6.13
  990000000,	55.56,	6.18
  991000000,	55.57,	6.13
  992000000,	55.58,	6.18
  993000000,	55.59,	6.07
  994000000,	55.59,	6.20
  995000000,	55.60,	6.12
  996000000,	55.61,	6.02
  997000000,	55.61,	6.11
  998000000,	55.62,	5.98
  999000000,	55.62,	6.22
 1000000000,	55.63,	6.08
 1001000000,	55.63,	6.04
 1002000000,	55.63,	6.08
 1003000000,	55.63,	5.96
 1004000000,	55.63,	6.11
 1005000000,	55.62,	6.11
 1006000000,	55.62,	6.20
 1007000000,	55.62,	6.13
 1008000000,	55.62,	6.14
 1009000000,	55.61,	6.07
 1010000000,	55.61,	6.01
 1011000000,	55.61,	6.06
 1012000000,	55.60,	5.96
 1013000000,	55.60,	6.15
 1014000000,	55.60,	6.24
 1015000000,	55.59,	6.19
