% f (Hz),G_rec (dB),T_e_rec (K)
  580000000,	55.44,	4.60
  581000000,	55.44,	4.57
  582000000,	55.43,	4.56
  583000000,	55.43,	4.61
  584000000,	55.43,	4.65
  585000000,	55.42,	4.63
  586000000,	55.42,	4.51
  587000000,	55.41,	4.50
  588000000,	55.40,	4.61
  589000000,	55.39,	4.61
  590000000,	55.38,	4.61
  591000000,	55.38,	4.61
  592000000,	55.37,	4.57
  593000000,	55.37,	4.64
  594000000,	55.36,	4.54
  595000000,	55.35,	4.57
  596000000,	55.35,	4.58
  597000000,	55.35,	4.54
  598000000,	55.34,	4.57
  599000000,	55.33,	4.65
  600000000,	55.33,	4.54
  601000000,	55.32,	4.53
  602000000,	55.32,	4.49
  603000000,	55.31,	4.57
  604000000,	55.31,	4.53
  605000000,	55.30,	4.41
  606000000,	55.30,	4.50
  607000000,	55.30,	4.33
  608000000,	55.29,	4.50
  609000000,	55.28,	4.50
  610000000,	55.28,	4.53
  611000000,	55.27,	4.47
  612000000,	55.27,	4.36
  613000000,	55.26,	4.48
  614000000,	55.25,	4.43
  615000000,	55.25,	4.40
  616000000,	55.24,	4.34
  617000000,	55.24,	4.22
  618000000,	55.23,	4.45
  619000000,	55.22,	4.36
  620000000,	55.21,	4.36
  621000000,	55.21,	4.44
  622000000,	55.20,	4.39
  623000000,	55.20,	4.18
  624000000,	55.19,	4.33
  625000000,	55.18,	4.29
  626000000,	55.18,	4.35
  627000000,	55.17,	4.25
  628000000,	55.16,	4.30
  629000000,	55.16,	4.30
  630000000,	55.15,	4.31
  631000000,	55.15,	4.31
  632000000,	55.14,	4.28
  633000000,	55.13,	4.19
  634000000,	55.12,	4.27
  635000000,	55.12,	4.24
  636000000,	55.11,	4.27
  637000000,	55.10,	4.34
  638000000,	55.09,	4.17
  639000000,	55.09,	4.12
  640000000,	55.08,	4.29
  641000000,	55.07,	4.26
  642000000,	55.07,	4.24
  643000000,	55.06,	4.19
  644000000,	55.05,	4.25
  645000000,	55.05,	4.29
  646000000,	55.04,	4.18
  647000000,	55.03,	4.14
  648000000,	55.03,	4.25
  649000000,	55.02,	4.27
  650000000,	55.01,	4.15
  651000000,	55.01,	4.26
  652000000,	55.00,	4.24
  653000000,	55.00,	4.21
  654000000,	54.99,	4.26
  655000000,	54.99,	4.22
  656000000,	54.98,	4.13
  657000000,	54.98,	4.28
  658000000,	54.97,	4.19
  659000000,	54.96,	4.39
  660000000,	54.96,	4.25
  661000000,	54.95,	4.30
  662000000,	54.95,	4.27
  663000000,	54.94,	4.25
  664000000,	54.94,	4.34
  665000000,	54.94,	4.35
  666000000,	54.93,	4.20
  667000000,	54.93,	4.32
  668000000,	54.92,	4.31
  669000000,	54.92,	4.37
  670000000,	54.92,	4.43
  671000000,	54.91,	4.36
  672000000,	54.91,	4.38
  673000000,	54.91,	4.38
  674000000,	54.90,	4.38
  675000000,	54.90,	4.43
  676000000,	54.90,	4.38
  677000000,	54.90,	4.47
  678000000,	54.89,	4.43
  679000000,	54.89,	4.51
  680000000,	54.89,	4.57
  681000000,	54.89,	4.61
  682000000,	54.89,	4.52
  683000000,	54.88,	4.66
  684000000,	54.88,	4.58
  685000000,	54.88,	4.49
  686000000,	54.88,	4.67
  687000000,	54.88,	4.64
  688000000,	54.88,	4.52
  689000000,	54.88,	4.54
  690000000,	54.87,	4.65
  691000000,	54.87,	4.60
  692000000,	54.87,	4.58
  693000000,	54.87,	4.69
  694000000,	54.86,	4.63
  695000000,	54.86,	4.69
  696000000,	54.86,	4.61
  697000000,	54.86,	4.67
  698000000,	54.85,	4.74
  699000000,	54.85,	4.74
  700000000,	54.85,	4.74
  701000000,	54.84,	4.67
  702000000,	54.84,	4.68
  703000000,	54.84,	4.74
  704000000,	54.83,	4.76
  705000000,	54.83,	4.78
  706000000,	54.82,	4.78
  707000000,	54.82,	4.68
  708000000,	54.81,	4.77
  709000000,	54.80,	4.82
  710000000,	54.80,	4.90
  711000000,	54.79,	4.81
  712000000,	54.78,	4.86
  713000000,	54.78,	4.96
  714000000,	54.77,	4.86
  715000000,	54.76,	4.94
  716000000,	54.75,	4.85
  717000000,	54.74,	4.83
  718000000,	54.73,	4.87
  719000000,	54.72,	4.79
  720000000,	54.71,	5.00
  721000000,	54.70,	5.05
  722000000,	54.69,	5.06
  723000000,	54.68,	5.08
  724000000,	54.67,	4.99
  725000000,	54.66,	4.97
  726000000,	54.65,	5.02
  727000000,	54.64,	5.05
  728000000,	54.63,	5.03
  729000000,	54.62,	5.16
  730000000,	54.61,	5.09
  731000000,	54.60,	5.12
  732000000,	54.59,	4.98
  733000000,	54.58,	5.17
  734000000,	54.58,	5.13
  735000000,	54.57,	5.14
  736000000,	54.56,	5.22
  737000000,	54.55,	5.28
  738000000,	54.55,	5.28
  739000000,	54.54,	5.16
  740000000,	54.53,	5.40
  741000000,	54.53,	5.27
  742000000,	54.52,	5.29
  743000000,	54.52,	5.32
  744000000,	54.51,	5.42
  745000000,	54.51,	5.35
  746000000,	54.51,	5.38
  747000000,	54.50,	5.37
  748000000,	54.50,	5.39
  749000000,	54.50,	5.47
  750000000,	54.50,	5.46
  751000000,	54.50,	5.33
  752000000,	54.51,	5.42
  753000000,	54.51,	5.42
  754000000,	54.51,	5.42
  755000000,	54.51,	5.55
  756000000,	54.52,	5.46
  757000000,	54.53,	5.53
  758000000,	54.53,	5.47
  759000000,	54.54,	5.39
  760000000,	54.55,	5.42
  761000000,	54.55,	5.35
  762000000,	54.56,	5.58
  763000000,	54.57,	5.32
  764000000,	54.59,	5.37
  765000000,	54.60,	5.35
  766000000,	54.60,	5.32
  767000000,	54.62,	5.25
  768000000,	54.63,	5.33
  769000000,	54.64,	5.22
  770000000,	54.66,	5.39
  771000000,	54.67,	5.38
  772000000,	54.68,	5.22
  773000000,	54.69,	5.29
  774000000,	54.71,	5.23
  775000000,	54.72,	5.06
  776000000,	54.74,	5.13
  777000000,	54.75,	5.25
  778000000,	54.77,	5.20
  779000000,	54.78,	5.06
  780000000,	54.80,	5.07
  781000000,	54.81,	5.05
  782000000,	54.83,	5.04
  783000000,	54.84,	4.99
  784000000,	54.86,	5.09
  785000000,	54.87,	5.00
  786000000,	54.89,	4.99
  787000000,	54.90,	4.93
  788000000,	54.91,	4.90
  789000000,	54.92,	4.98
  790000000,	54.94,	4.73
  791000000,	54.95,	4.90
  792000000,	54.96,	4.87
  793000000,	54.97,	4.83
  794000000,	54.98,	4.98
  795000000,	54.99,	4.93
  796000000,	55.00,	4.76
  797000000,	55.00,	4.73
  798000000,	55.01,	4.73
  799000000,	55.02,	4.80
  800000000,	55.03,	4.71
  801000000,	55.03,	4.75
  802000000,	55.03,	4.70
  803000000,	55.04,	4.77
  804000000,	55.04,	4.79
  805000000,	55.04,	4.62
  806000000,	55.04,	4.82
  807000000,	55.04,	4.89
  808000000,	55.04,	4.82
  809000000,	55.04,	4.73
  810000000,	55.04,	4.82
  811000000,	55.03,	4.90
  812000000,	55.03,	5.03
  813000000,	55.03,	4.96
  814000000,	55.02,	4.87
  815000000,	55.01,	4.97
  816000000,	55.01,	4.93
  817000000,	55.00,	4.98
  818000000,	54.99,	4.96
  819000000,	54.99,	4.97
  820000000,	54.98,	4.97
  821000000,	54.97,	5.10
  822000000,	54.96,	5.08
  823000000,	54.94,	5.13
  824000000,	54.94,	5.19
  825000000,	54.92,	5.14
  826000000,	54.91,	5.27
  827000000,	54.90,	5.23
  828000000,	54.89,	5.17
  829000000,	54.88,	5.36
  830000000,	54.87,	5.35
  831000000,	54.86,	5.44
  832000000,	54.85,	5.46
  833000000,	54.84,	5.37
  834000000,	54.83,	5.45
  835000000,	54.82,	5.42
  836000000,	54.82,	5.40
  837000000,	54.81,	5.48
  838000000,	54.80,	5.58
  839000000,	54.79,	5.56
  840000000,	54.79,	5.58
  841000000,	54.78,	5.72
  842000000,	54.77,	5.49
  843000000,	54.77,	5.49
  844000000,	54.76,	5.52
  845000000,	54.76,	5.57
  846000000,	54.76,	5.61
  847000000,	54.76,	5.59
  848000000,	54.75,	5.62
  849000000,	54.75,	5.57
  850000000,	54.75,	5.68
  851000000,	54.75,	5.58
  852000000,	54.76,	5.56
  853000000,	54.76,	5.46
  854000000,	54.76,	5.54
  855000000,	54.77,	5.61
  856000000,	54.77,	5.41
  857000000,	54.78,	5.45
  858000000,	54.79,	5.46
  859000000,	54.80,	5.42
  860000000,	54.80,	5.47
  861000000,	54.81,	5.45
  862000000,	54.83,	5.41
  863000000,	54.83,	5.33
  864000000,	54.85,	5.34
  865000000,	54.86,	5.37
  866000000,	54.87,	5.31
  867000000,	54.88,	5.31
  868000000,	54.89,	5.24
  869000000,	54.91,	5.33
  870000000,	54.92,	5.31
  871000000,	54.93,	5.24
  872000000,	54.94,	5.34
  873000000,	54.96,	5.12
  874000000,	54.96,	5.16
  875000000,	54.98,	5.21
  876000000,	54.99,	5.25
  877000000,	55.00,	5.19
  878000000,	55.02,	5.17
  879000000,	55.03,	5.25
  880000000,	55.05,	5.16
  881000000,	55.06,	5.17
  882000000,	55.08,	5.25
  883000000,	55.09,	5.32
  884000000,	55.10,	5.35
  885000000,	55.11,	5.25
  886000000,	55.12,	5.24
  887000000,	55.13,	5.15
  888000000,	55.14,	5.16
  889000000,	55.15,	5.35
  890000000,	55.15,	5.33
  891000000,	55.16,	5.31
  892000000,	55.16,	5.46
  893000000,	55.16,	5.38
  894000000,	55.16,	5.47
  895000000,	55.17,	5.46
  896000000,	55.16,	5.48
  897000000,	55.16,	5.48
  898000000,	55.16,	5.47
  899000000,	55.16,	5.53
  900000000,	55.15,	5.61
  901000000,	55.15,	5.67
  902000000,	55.14,	5.75
  903000000,	55.13,	5.86
  904000000,	55.12,	5.80
  905000000,	55.11,	5.75
  906000000,	55.10,	5.76
  907000000,	55.09,	5.85
  908000000,	55.07,	6.02
  909000000,	55.06,	6.02
  910000000,	55.05,	6.23
  911000000,	55.03,	6.23
  912000000,	55.01,	6.12
  913000000,	55.00,	6.38
  914000000,	54.98,	6.24
  915000000,	54.97,	6.13
  916000000,	54.95,	6.21
  917000000,	54.93,	6.20
  918000000,	54.92,	6.10
  919000000,	54.91,	6.07
  920000000,	54.89,	6.12
  921000000,	54.88,	6.12
  922000000,	54.87,	6.23
  923000000,	54.86,	6.22
  924000000,	54.85,	6.25
  925000000,	54.84,	6.34
  926000000,	54.83,	6.24
  927000000,	54.81,	6.42
  928000000,	54.80,	6.29
  929000000,	54.79,	6.36
  930000000,	54.78,	6.20
  931000000,	54.77,	6.26
  932000000,	54.76,	6.09
  933000000,	54.76,	6.22
  934000000,	54.75,	6.21
  935000000,	54.74,	6.22
  936000000,	54.74,	6.22
  937000000,	54.74,	6.21
  938000000,	54.73,	6.27
  939000000,	54.73,	6.18
  940000000,	54.73,	6.24
  941000000,	54.74,	6.21
  942000000,	54.74,	6.14
  943000000,	54.74,	6.18
  944000000,	54.75,	6.13
  945000000,	54.75,	6.11
  946000000,	54.76,	6.07
  947000000,	54.77,	6.28
  948000000,	54.78,	6.22
  949000000,	54.79,	6.24
  950000000,	54.80,	6.23
  951000000,	54.82,	6.27
  952000000,	54.83,	6.24
  953000000,	54.85,	6.27
  954000000,	54.86,	6.24
  955000000,	54.88,	6.35
  956000000,	54.90,	6.32
  957000000,	54.92,	6.19
  958000000,	54.94,	6.23
  959000000,	54.96,	6.21
  960000000,	54.99,	6.15
  961000000,	55.01,	6.26
  962000000,	55.03,	6.19
  963000000,	55.05,	6.19
  964000000,	55.07,	6.31
  965000000,	55.10,	6.22
  966000000,	55.12,	6.09
  967000000,	55.15,	6.15
  968000000,	55.17,	6.12
  969000000,	55.20,	6.14
  970000000,	55.22,	6.12
  971000000,	55.24,	6.15
  972000000,	55.26,	5.95
  973000000,	55.29,	5.92
  974000000,	55.31,	6.02
  975000000,	55.33,	6.13
  976000000,	55.35,	5.91
  977000000,	55.37,	5.97
  978000000,	55.39,	6.03
  979000000,	55.40,	5.97
  980000000,	55.42,	5.97
  981000000,	55.44,	5.99
  982000000,	55.45,	5.98
  983000000,	55.47,	5.95
  984000000,	55.48,	6.02
  985000000,	55.50,	6.03
  986000000,	55.50,	5.93
  987000000,	55.51,	5.98
  988000000,	55.52,	6.03
  989000000,	55.52,	6.05
  990000000,	55.53,	6.06
  991000000,	55.53,	5.97
  992000000,	55.53,	6.11
  993000000,	55.53,	6.05
  994000000,	55.53,	6.08
  995000000,	55.53,	6.02
  996000000,	55.52,	6.00
  997000000,	55.52,	6.09
  998000000,	55.51,	6.13
  999000000,	55.51,	6.11
 1000000000,	55.50,	6.10
 1001000000,	55.49,	6.17
 1002000000,	55.48,	6.12
 1003000000,	55.47,	6.19
 1004000000,	55.47,	6.22
 1005000000,	55.46,	6.13
 1006000000,	55.45,	6.29
 1007000000,	55.44,	6.24
 1008000000,	55.43,	6.31
 1009000000,	55.42,	6.30
 1010000000,	55.41,	6.32
 1011000000,	55.41,	6.35
 1012000000,	55.40,	6.40
 1013000000,	55.39,	6.36
 1014000000,	55.38,	6.45
 1015000000,	55.38,	6.51
