% f (Hz),G_rec (dB),T_e_rec (K)
  580000000,	55.04,	4.80
  581000000,	55.04,	4.93
  582000000,	55.03,	4.88
  583000000,	55.03,	4.83
  584000000,	55.02,	4.75
  585000000,	55.02,	4.83
  586000000,	55.02,	4.84
  587000000,	55.01,	4.76
  588000000,	55.01,	4.84
  589000000,	55.00,	4.78
  590000000,	55.00,	4.86
  591000000,	54.99,	4.81
  592000000,	54.98,	5.01
  593000000,	54.97,	4.93
  594000000,	54.96,	4.73
  595000000,	54.95,	4.87
  596000000,	54.95,	4.77
  597000000,	54.93,	4.78
  598000000,	54.92,	4.73
  599000000,	54.92,	4.77
  600000000,	54.91,	4.63
  601000000,	54.90,	4.62
  602000000,	54.89,	4.70
  603000000,	54.88,	4.75
  604000000,	54.88,	4.64
  605000000,	54.87,	4.68
  606000000,	54.86,	4.63
  607000000,	54.86,	4.78
  608000000,	54.85,	4.69
  609000000,	54.85,	4.61
  610000000,	54.84,	4.60
  611000000,	54.84,	4.66
  612000000,	54.83,	4.69
  613000000,	54.83,	4.66
  614000000,	54.82,	4.65
  615000000,	54.82,	4.63
  616000000,	54.81,	4.59
  617000000,	54.81,	4.58
  618000000,	54.80,	4.74
  619000000,	54.80,	4.60
  620000000,	54.79,	4.59
  621000000,	54.78,	4.62
  622000000,	54.78,	4.72
  623000000,	54.77,	4.58
  624000000,	54.77,	4.60
  625000000,	54.77,	4.60
  626000000,	54.76,	4.64
  627000000,	54.76,	4.54
  628000000,	54.75,	4.45
  629000000,	54.74,	4.64
  630000000,	54.74,	4.59
  631000000,	54.73,	4.58
  632000000,	54.72,	4.47
  633000000,	54.72,	4.67
  634000000,	54.71,	4.58
  635000000,	54.70,	4.55
  636000000,	54.69,	4.56
  637000000,	54.69,	4.48
  638000000,	54.68,	4.56
  639000000,	54.67,	4.50
  640000000,	54.67,	4.53
  641000000,	54.66,	4.55
  642000000,	54.65,	4.55
  643000000,	54.64,	4.52
  644000000,	54.64,	4.59
  645000000,	54.63,	4.51
  646000000,	54.62,	4.41
  647000000,	54.61,	4.47
  648000000,	54.60,	4.55
  649000000,	54.59,	4.56
  650000000,	54.58,	4.52
  651000000,	54.58,	4.64
  652000000,	54.57,	4.48
  653000000,	54.55,	4.50
  654000000,	54.55,	4.45
  655000000,	54.54,	4.59
  656000000,	54.53,	4.47
  657000000,	54.52,	4.53
  658000000,	54.51,	4.50
  659000000,	54.50,	4.60
  660000000,	54.49,	4.54
  661000000,	54.49,	4.50
  662000000,	54.48,	4.57
  663000000,	54.48,	4.61
  664000000,	54.47,	4.61
  665000000,	54.46,	4.52
  666000000,	54.46,	4.56
  667000000,	54.45,	4.54
  668000000,	54.44,	4.57
  669000000,	54.44,	4.55
  670000000,	54.44,	4.56
  671000000,	54.43,	4.68
  672000000,	54.43,	4.67
  673000000,	54.43,	4.53
  674000000,	54.43,	4.74
  675000000,	54.42,	4.70
  676000000,	54.42,	4.67
  677000000,	54.42,	4.74
  678000000,	54.42,	4.78
  679000000,	54.42,	4.77
  680000000,	54.42,	4.73
  681000000,	54.42,	4.73
  682000000,	54.42,	4.75
  683000000,	54.42,	4.75
  684000000,	54.42,	4.79
  685000000,	54.42,	4.86
  686000000,	54.42,	4.79
  687000000,	54.42,	4.77
  688000000,	54.42,	4.76
  689000000,	54.42,	4.83
  690000000,	54.43,	4.87
  691000000,	54.43,	4.93
  692000000,	54.43,	4.86
  693000000,	54.43,	4.92
  694000000,	54.43,	4.94
  695000000,	54.43,	4.94
  696000000,	54.43,	4.94
  697000000,	54.43,	4.98
  698000000,	54.43,	4.95
  699000000,	54.43,	4.94
  700000000,	54.43,	4.99
  701000000,	54.43,	4.86
  702000000,	54.42,	4.96
  703000000,	54.42,	4.81
  704000000,	54.42,	5.00
  705000000,	54.42,	4.98
  706000000,	54.41,	4.90
  707000000,	54.41,	4.92
  708000000,	54.41,	4.97
  709000000,	54.40,	4.94
  710000000,	54.40,	5.01
  711000000,	54.40,	4.87
  712000000,	54.39,	4.89
  713000000,	54.39,	5.01
  714000000,	54.38,	5.01
  715000000,	54.37,	4.99
  716000000,	54.37,	5.01
  717000000,	54.36,	4.92
  718000000,	54.36,	5.01
  719000000,	54.35,	4.93
  720000000,	54.34,	5.10
  721000000,	54.33,	5.10
  722000000,	54.32,	5.07
  723000000,	54.32,	4.93
  724000000,	54.31,	5.08
  725000000,	54.30,	5.14
  726000000,	54.29,	5.09
  727000000,	54.28,	5.06
  728000000,	54.27,	5.03
  729000000,	54.26,	5.13
  730000000,	54.25,	5.15
  731000000,	54.24,	5.15
  732000000,	54.23,	5.14
  733000000,	54.23,	5.26
  734000000,	54.22,	5.13
  735000000,	54.21,	5.31
  736000000,	54.20,	5.28
  737000000,	54.19,	5.25
  738000000,	54.18,	5.26
  739000000,	54.18,	5.34
  740000000,	54.17,	5.18
  741000000,	54.16,	5.36
  742000000,	54.16,	5.38
  743000000,	54.15,	5.39
  744000000,	54.14,	5.53
  745000000,	54.14,	5.56
  746000000,	54.13,	5.53
  747000000,	54.13,	5.50
  748000000,	54.13,	5.47
  749000000,	54.12,	5.54
  750000000,	54.12,	5.58
  751000000,	54.12,	5.69
  752000000,	54.11,	5.59
  753000000,	54.11,	5.58
  754000000,	54.11,	5.57
  755000000,	54.11,	5.60
  756000000,	54.11,	5.57
  757000000,	54.11,	5.60
  758000000,	54.11,	5.43
  759000000,	54.10,	5.65
  760000000,	54.10,	5.60
  761000000,	54.10,	5.53
  762000000,	54.10,	5.61
  763000000,	54.11,	5.67
  764000000,	54.12,	5.57
  765000000,	54.13,	5.69
  766000000,	54.15,	5.55
  767000000,	54.16,	5.55
  768000000,	54.17,	5.51
  769000000,	54.19,	5.57
  770000000,	54.20,	5.63
  771000000,	54.22,	5.53
  772000000,	54.23,	5.57
  773000000,	54.24,	5.50
  774000000,	54.26,	5.52
  775000000,	54.27,	5.48
  776000000,	54.28,	5.44
  777000000,	54.30,	5.41
  778000000,	54.31,	5.29
  779000000,	54.33,	5.43
  780000000,	54.34,	5.43
  781000000,	54.36,	5.47
  782000000,	54.37,	5.26
  783000000,	54.38,	5.36
  784000000,	54.40,	5.26
  785000000,	54.41,	5.26
  786000000,	54.43,	5.28
  787000000,	54.44,	5.22
  788000000,	54.45,	5.27
  789000000,	54.47,	5.17
  790000000,	54.48,	5.15
  791000000,	54.49,	5.12
  792000000,	54.50,	5.14
  793000000,	54.51,	5.04
  794000000,	54.52,	5.19
  795000000,	54.53,	5.13
  796000000,	54.54,	5.15
  797000000,	54.55,	5.15
  798000000,	54.56,	5.06
  799000000,	54.56,	5.06
  800000000,	54.57,	5.00
  801000000,	54.57,	5.16
  802000000,	54.58,	5.03
  803000000,	54.58,	5.10
  804000000,	54.59,	5.07
  805000000,	54.59,	5.13
  806000000,	54.59,	5.12
  807000000,	54.59,	5.16
  808000000,	54.59,	5.05
  809000000,	54.59,	5.04
  810000000,	54.59,	5.17
  811000000,	54.59,	5.09
  812000000,	54.58,	5.24
  813000000,	54.58,	5.16
  814000000,	54.57,	5.14
  815000000,	54.57,	5.26
  816000000,	54.56,	5.22
  817000000,	54.56,	5.44
  818000000,	54.55,	5.34
  819000000,	54.54,	5.27
  820000000,	54.54,	5.42
  821000000,	54.53,	5.47
  822000000,	54.52,	5.36
  823000000,	54.51,	5.43
  824000000,	54.50,	5.54
  825000000,	54.49,	5.66
  826000000,	54.48,	5.65
  827000000,	54.47,	5.64
  828000000,	54.45,	5.61
  829000000,	54.44,	5.66
  830000000,	54.43,	5.67
  831000000,	54.42,	5.68
  832000000,	54.41,	5.78
  833000000,	54.40,	5.71
  834000000,	54.39,	5.82
  835000000,	54.38,	5.77
  836000000,	54.37,	5.84
  837000000,	54.36,	5.80
  838000000,	54.35,	5.83
  839000000,	54.34,	5.94
  840000000,	54.33,	5.95
  841000000,	54.32,	5.96
  842000000,	54.32,	5.86
  843000000,	54.31,	5.82
  844000000,	54.30,	6.00
  845000000,	54.30,	6.00
  846000000,	54.29,	5.99
  847000000,	54.29,	5.94
  848000000,	54.29,	5.84
  849000000,	54.28,	6.16
  850000000,	54.28,	6.02
  851000000,	54.28,	6.01
  852000000,	54.28,	5.98
  853000000,	54.28,	5.87
  854000000,	54.28,	5.98
  855000000,	54.29,	5.96
  856000000,	54.29,	6.04
  857000000,	54.30,	5.96
  858000000,	54.30,	5.89
  859000000,	54.31,	5.90
  860000000,	54.32,	5.88
  861000000,	54.32,	5.96
  862000000,	54.33,	5.89
  863000000,	54.34,	5.81
  864000000,	54.35,	5.73
  865000000,	54.36,	5.66
  866000000,	54.38,	5.79
  867000000,	54.39,	5.79
  868000000,	54.40,	5.79
  869000000,	54.42,	5.70
  870000000,	54.43,	5.66
  871000000,	54.45,	5.66
  872000000,	54.46,	5.62
  873000000,	54.48,	5.66
  874000000,	54.50,	5.58
  875000000,	54.51,	5.52
  876000000,	54.53,	5.54
  877000000,	54.55,	5.62
  878000000,	54.56,	5.52
  879000000,	54.58,	5.51
  880000000,	54.59,	5.43
  881000000,	54.61,	5.55
  882000000,	54.62,	5.39
  883000000,	54.64,	5.51
  884000000,	54.66,	5.42
  885000000,	54.67,	5.42
  886000000,	54.69,	5.51
  887000000,	54.70,	5.46
  888000000,	54.71,	5.51
  889000000,	54.73,	5.44
  890000000,	54.74,	5.47
  891000000,	54.75,	5.49
  892000000,	54.76,	5.54
  893000000,	54.77,	5.60
  894000000,	54.77,	5.67
  895000000,	54.78,	5.63
  896000000,	54.79,	5.64
  897000000,	54.79,	5.63
  898000000,	54.79,	5.66
  899000000,	54.79,	5.79
  900000000,	54.79,	5.75
  901000000,	54.80,	5.78
  902000000,	54.80,	5.94
  903000000,	54.80,	5.91
  904000000,	54.80,	5.97
  905000000,	54.79,	6.02
  906000000,	54.79,	6.08
  907000000,	54.78,	6.09
  908000000,	54.77,	6.21
  909000000,	54.76,	6.22
  910000000,	54.74,	6.27
  911000000,	54.73,	6.32
  912000000,	54.72,	6.22
  913000000,	54.71,	6.23
  914000000,	54.70,	6.24
  915000000,	54.68,	6.12
  916000000,	54.68,	6.28
  917000000,	54.67,	6.26
  918000000,	54.66,	6.17
  919000000,	54.65,	6.12
  920000000,	54.64,	6.18
  921000000,	54.63,	6.09
  922000000,	54.61,	6.26
  923000000,	54.60,	6.15
  924000000,	54.58,	6.19
  925000000,	54.57,	6.31
  926000000,	54.55,	6.32
  927000000,	54.54,	6.29
  928000000,	54.52,	6.35
  929000000,	54.50,	6.31
  930000000,	54.49,	6.20
  931000000,	54.48,	6.38
  932000000,	54.46,	6.40
  933000000,	54.45,	6.46
  934000000,	54.43,	6.34
  935000000,	54.42,	6.32
  936000000,	54.41,	6.46
  937000000,	54.39,	6.42
  938000000,	54.38,	6.44
  939000000,	54.37,	6.48
  940000000,	54.36,	6.55
  941000000,	54.36,	6.60
  942000000,	54.35,	6.60
  943000000,	54.34,	6.56
  944000000,	54.34,	6.77
  945000000,	54.33,	6.52
  946000000,	54.33,	6.61
  947000000,	54.33,	6.54
  948000000,	54.33,	6.70
  949000000,	54.32,	6.81
  950000000,	54.32,	6.75
  951000000,	54.32,	6.79
  952000000,	54.33,	6.87
  953000000,	54.33,	6.93
  954000000,	54.34,	6.91
  955000000,	54.34,	6.92
  956000000,	54.35,	7.04
  957000000,	54.36,	6.91
  958000000,	54.37,	6.91
  959000000,	54.38,	6.88
  960000000,	54.39,	6.93
  961000000,	54.40,	6.96
  962000000,	54.41,	7.07
  963000000,	54.43,	6.90
  964000000,	54.44,	6.89
  965000000,	54.46,	6.79
  966000000,	54.47,	6.91
  967000000,	54.49,	6.86
  968000000,	54.51,	6.92
  969000000,	54.52,	6.98
  970000000,	54.54,	6.78
  971000000,	54.56,	6.74
  972000000,	54.58,	6.82
  973000000,	54.59,	6.76
  974000000,	54.61,	6.83
  975000000,	54.63,	6.84
  976000000,	54.64,	6.78
  977000000,	54.66,	6.74
  978000000,	54.68,	6.74
  979000000,	54.69,	6.70
  980000000,	54.71,	6.88
  981000000,	54.72,	6.65
  982000000,	54.73,	6.76
  983000000,	54.75,	6.76
  984000000,	54.76,	6.74
  985000000,	54.77,	6.73
  986000000,	54.78,	6.73
  987000000,	54.79,	6.64
  988000000,	54.80,	6.78
  989000000,	54.81,	6.65
  990000000,	54.82,	6.74
  991000000,	54.82,	6.81
  992000000,	54.83,	6.73
  993000000,	54.83,	6.71
  994000000,	54.83,	6.81
  995000000,	54.84,	6.70
  996000000,	54.84,	6.71
  997000000,	54.84,	6.60
  998000000,	54.84,	6.77
  999000000,	54.83,	6.71
 1000000000,	54.83,	6.78
 1001000000,	54.83,	6.81
 1002000000,	54.82,	6.73
 1003000000,	54.82,	6.83
 1004000000,	54.81,	6.79
 1005000000,	54.80,	6.85
 1006000000,	54.80,	6.92
 1007000000,	54.79,	6.85
 1008000000,	54.78,	6.84
 1009000000,	54.77,	6.77
 1010000000,	54.76,	6.92
 1011000000,	54.75,	6.86
 1012000000,	54.75,	6.96
 1013000000,	54.74,	6.83
 1014000000,	54.73,	6.94
 1015000000,	54.72,	6.87
