% f (Hz),G_rec (dB),T_e_rec (K)
  580000000,	56.05,	4.99
  581000000,	56.04,	4.80
  582000000,	56.03,	4.74
  583000000,	56.03,	5.03
  584000000,	56.02,	4.91
  585000000,	56.01,	4.94
  586000000,	56.00,	4.87
  587000000,	56.00,	4.99
  588000000,	55.99,	4.93
  589000000,	55.98,	4.87
  590000000,	55.98,	4.94
  591000000,	55.97,	4.89
  592000000,	55.97,	4.97
  593000000,	55.97,	4.92
  594000000,	55.96,	5.00
  595000000,	55.96,	4.87
  596000000,	55.95,	4.88
  597000000,	55.93,	4.88
  598000000,	55.92,	4.82
  599000000,	55.91,	4.83
  600000000,	55.90,	4.92
  601000000,	55.89,	4.79
  602000000,	55.88,	4.74
  603000000,	55.87,	4.92
  604000000,	55.87,	4.65
  605000000,	55.86,	4.84
  606000000,	55.86,	4.75
  607000000,	55.85,	4.73
  608000000,	55.85,	4.73
  609000000,	55.84,	4.72
  610000000,	55.84,	4.75
  611000000,	55.84,	4.72
  612000000,	55.83,	4.71
  613000000,	55.83,	4.74
  614000000,	55.83,	4.68
  615000000,	55.82,	4.63
  616000000,	55.82,	4.65
  617000000,	55.82,	4.67
  618000000,	55.81,	4.71
  619000000,	55.81,	4.59
  620000000,	55.80,	4.59
  621000000,	55.80,	4.60
  622000000,	55.80,	4.71
  623000000,	55.80,	4.64
  624000000,	55.79,	4.56
  625000000,	55.79,	4.61
  626000000,	55.79,	4.52
  627000000,	55.78,	4.51
  628000000,	55.78,	4.60
  629000000,	55.77,	4.52
  630000000,	55.77,	4.64
  631000000,	55.77,	4.59
  632000000,	55.76,	4.56
  633000000,	55.76,	4.55
  634000000,	55.75,	4.54
  635000000,	55.75,	4.66
  636000000,	55.74,	4.57
  637000000,	55.74,	4.61
  638000000,	55.73,	4.48
  639000000,	55.73,	4.52
  640000000,	55.72,	4.45
  641000000,	55.72,	4.50
  642000000,	55.71,	4.47
  643000000,	55.70,	4.41
  644000000,	55.70,	4.54
  645000000,	55.69,	4.47
  646000000,	55.68,	4.45
  647000000,	55.68,	4.46
  648000000,	55.67,	4.38
  649000000,	55.66,	4.40
  650000000,	55.66,	4.46
  651000000,	55.65,	4.42
  652000000,	55.65,	4.40
  653000000,	55.64,	4.38
  654000000,	55.63,	4.43
  655000000,	55.63,	4.45
  656000000,	55.62,	4.32
  657000000,	55.62,	4.39
  658000000,	55.61,	4.30
  659000000,	55.61,	4.38
  660000000,	55.60,	4.40
  661000000,	55.60,	4.48
  662000000,	55.59,	4.36
  663000000,	55.59,	4.44
  664000000,	55.58,	4.46
  665000000,	55.58,	4.51
  666000000,	55.57,	4.38
  667000000,	55.57,	4.45
  668000000,	55.57,	4.36
  669000000,	55.56,	4.40
  670000000,	55.56,	4.43
  671000000,	55.56,	4.44
  672000000,	55.55,	4.36
  673000000,	55.55,	4.52
  674000000,	55.55,	4.46
  675000000,	55.55,	4.46
  676000000,	55.54,	4.44
  677000000,	55.54,	4.31
  678000000,	55.54,	4.42
  679000000,	55.54,	4.50
  680000000,	55.54,	4.42
  681000000,	55.54,	4.46
  682000000,	55.53,	4.48
  683000000,	55.53,	4.38
  684000000,	55.53,	4.50
  685000000,	55.52,	4.56
  686000000,	55.52,	4.41
  687000000,	55.52,	4.57
  688000000,	55.51,	4.57
  689000000,	55.51,	4.58
  690000000,	55.50,	4.54
  691000000,	55.50,	4.57
  692000000,	55.50,	4.60
  693000000,	55.49,	4.61
  694000000,	55.49,	4.50
  695000000,	55.49,	4.62
  696000000,	55.48,	4.46
  697000000,	55.48,	4.63
  698000000,	55.47,	4.49
  699000000,	55.47,	4.68
  700000000,	55.47,	4.63
  701000000,	55.46,	4.56
  702000000,	55.45,	4.70
  703000000,	55.45,	4.67
  704000000,	55.44,	4.51
  705000000,	55.44,	4.61
  706000000,	55.43,	4.58
  707000000,	55.42,	4.67
  708000000,	55.42,	4.71
  709000000,	55.41,	4.61
  710000000,	55.40,	4.75
  711000000,	55.39,	4.72
  712000000,	55.39,	4.67
  713000000,	55.38,	4.59
  714000000,	55.37,	4.60
  715000000,	55.36,	4.64
  716000000,	55.35,	4.70
  717000000,	55.35,	4.80
  718000000,	55.34,	4.73
  719000000,	55.33,	4.65
  720000000,	55.32,	4.81
  721000000,	55.31,	4.81
  722000000,	55.31,	4.75
  723000000,	55.30,	4.83
  724000000,	55.29,	4.78
  725000000,	55.28,	4.78
  726000000,	55.27,	4.85
  727000000,	55.27,	4.89
  728000000,	55.26,	4.93
  729000000,	55.25,	4.76
  730000000,	55.25,	4.96
  731000000,	55.24,	4.99
  732000000,	55.23,	4.96
  733000000,	55.23,	4.90
  734000000,	55.23,	4.99
  735000000,	55.22,	5.08
  736000000,	55.22,	5.01
  737000000,	55.22,	4.91
  738000000,	55.21,	5.06
  739000000,	55.21,	4.94
  740000000,	55.21,	5.10
  741000000,	55.21,	5.04
  742000000,	55.21,	5.02
  743000000,	55.21,	5.04
  744000000,	55.21,	5.24
  745000000,	55.21,	5.13
  746000000,	55.21,	5.14
  747000000,	55.22,	5.23
  748000000,	55.22,	5.17
  749000000,	55.23,	5.12
  750000000,	55.23,	5.15
  751000000,	55.24,	5.24
  752000000,	55.25,	5.31
  753000000,	55.25,	5.15
  754000000,	55.26,	5.18
  755000000,	55.26,	5.22
  756000000,	55.28,	5.20
  757000000,	55.28,	5.15
  758000000,	55.30,	5.22
  759000000,	55.30,	5.27
  760000000,	55.31,	5.21
  761000000,	55.33,	5.17
  762000000,	55.34,	5.16
  763000000,	55.35,	5.16
  764000000,	55.36,	5.17
  765000000,	55.37,	5.16
  766000000,	55.39,	5.18
  767000000,	55.40,	5.06
  768000000,	55.41,	5.19
  769000000,	55.42,	5.18
  770000000,	55.44,	5.09
  771000000,	55.45,	5.05
  772000000,	55.46,	5.16
  773000000,	55.47,	5.07
  774000000,	55.49,	5.06
  775000000,	55.50,	4.94
  776000000,	55.51,	5.06
  777000000,	55.53,	5.04
  778000000,	55.54,	4.92
  779000000,	55.55,	4.96
  780000000,	55.56,	5.00
  781000000,	55.57,	4.90
  782000000,	55.58,	4.89
  783000000,	55.59,	5.02
  784000000,	55.60,	4.90
  785000000,	55.61,	4.78
  786000000,	55.62,	4.75
  787000000,	55.63,	4.83
  788000000,	55.63,	4.80
  789000000,	55.64,	4.82
  790000000,	55.64,	4.64
  791000000,	55.65,	4.70
  792000000,	55.65,	4.71
  793000000,	55.65,	4.69
  794000000,	55.66,	4.73
  795000000,	55.66,	4.66
  796000000,	55.66,	4.74
  797000000,	55.66,	4.70
  798000000,	55.66,	4.77
  799000000,	55.65,	4.67
  800000000,	55.65,	4.76
  801000000,	55.65,	4.76
  802000000,	55.64,	4.82
  803000000,	55.64,	4.66
  804000000,	55.63,	4.79
  805000000,	55.63,	4.65
  806000000,	55.62,	4.71
  807000000,	55.61,	4.77
  808000000,	55.61,	4.90
  809000000,	55.60,	4.81
  810000000,	55.59,	4.74
  811000000,	55.58,	4.84
  812000000,	55.57,	4.87
  813000000,	55.56,	4.92
  814000000,	55.55,	4.84
  815000000,	55.54,	4.85
  816000000,	55.53,	4.92
  817000000,	55.52,	5.04
  818000000,	55.51,	5.09
  819000000,	55.49,	4.93
  820000000,	55.48,	5.20
  821000000,	55.47,	5.09
  822000000,	55.46,	5.16
  823000000,	55.45,	5.17
  824000000,	55.44,	5.08
  825000000,	55.42,	5.33
  826000000,	55.42,	5.39
  827000000,	55.41,	5.39
  828000000,	55.40,	5.30
  829000000,	55.39,	5.34
  830000000,	55.38,	5.35
  831000000,	55.37,	5.33
  832000000,	55.36,	5.50
  833000000,	55.36,	5.41
  834000000,	55.35,	5.60
  835000000,	55.34,	5.43
  836000000,	55.34,	5.49
  837000000,	55.33,	5.57
  838000000,	55.33,	5.63
  839000000,	55.32,	5.57
  840000000,	55.32,	5.64
  841000000,	55.32,	5.60
  842000000,	55.32,	5.65
  843000000,	55.31,	5.73
  844000000,	55.32,	5.62
  845000000,	55.31,	5.65
  846000000,	55.32,	5.68
  847000000,	55.32,	5.57
  848000000,	55.32,	5.66
  849000000,	55.33,	5.62
  850000000,	55.33,	5.56
  851000000,	55.33,	5.66
  852000000,	55.34,	5.80
  853000000,	55.34,	5.69
  854000000,	55.35,	5.81
  855000000,	55.36,	5.51
  856000000,	55.37,	5.69
  857000000,	55.37,	5.56
  858000000,	55.38,	5.54
  859000000,	55.39,	5.51
  860000000,	55.40,	5.60
  861000000,	55.41,	5.56
  862000000,	55.42,	5.48
  863000000,	55.43,	5.45
  864000000,	55.44,	5.52
  865000000,	55.45,	5.39
  866000000,	55.46,	5.52
  867000000,	55.48,	5.53
  868000000,	55.49,	5.42
  869000000,	55.51,	5.55
  870000000,	55.52,	5.47
  871000000,	55.53,	5.56
  872000000,	55.55,	5.39
  873000000,	55.56,	5.42
  874000000,	55.58,	5.36
  875000000,	55.59,	5.36
  876000000,	55.60,	5.32
  877000000,	55.62,	5.27
  878000000,	55.63,	5.40
  879000000,	55.64,	5.34
  880000000,	55.65,	5.29
  881000000,	55.67,	5.27
  882000000,	55.68,	5.41
  883000000,	55.69,	5.36
  884000000,	55.71,	5.37
  885000000,	55.72,	5.45
  886000000,	55.73,	5.34
  887000000,	55.74,	5.46
  888000000,	55.74,	5.33
  889000000,	55.74,	5.45
  890000000,	55.74,	5.40
  891000000,	55.74,	5.60
  892000000,	55.74,	5.49
  893000000,	55.74,	5.44
  894000000,	55.74,	5.63
  895000000,	55.73,	5.64
  896000000,	55.73,	5.55
  897000000,	55.73,	5.52
  898000000,	55.72,	5.54
  899000000,	55.72,	5.72
  900000000,	55.72,	5.64
  901000000,	55.72,	5.69
  902000000,	55.71,	5.74
  903000000,	55.71,	5.76
  904000000,	55.70,	5.86
  905000000,	55.69,	5.86
  906000000,	55.68,	5.98
  907000000,	55.66,	5.91
  908000000,	55.65,	5.98
  909000000,	55.64,	6.00
  910000000,	55.63,	6.07
  911000000,	55.61,	6.15
  912000000,	55.60,	6.16
  913000000,	55.59,	6.11
  914000000,	55.57,	6.24
  915000000,	55.56,	6.22
  916000000,	55.55,	6.16
  917000000,	55.54,	6.21
  918000000,	55.52,	6.28
  919000000,	55.51,	6.15
  920000000,	55.50,	6.22
  921000000,	55.49,	6.39
  922000000,	55.48,	6.29
  923000000,	55.47,	6.17
  924000000,	55.47,	6.34
  925000000,	55.45,	6.43
  926000000,	55.45,	6.36
  927000000,	55.44,	6.37
  928000000,	55.43,	6.35
  929000000,	55.42,	6.35
  930000000,	55.42,	6.30
  931000000,	55.41,	6.37
  932000000,	55.41,	6.37
  933000000,	55.40,	6.29
  934000000,	55.40,	6.40
  935000000,	55.39,	6.23
  936000000,	55.39,	6.36
  937000000,	55.39,	6.32
  938000000,	55.39,	6.26
  939000000,	55.39,	6.30
  940000000,	55.39,	6.28
  941000000,	55.40,	6.35
  942000000,	55.40,	6.33
  943000000,	55.41,	6.37
  944000000,	55.41,	6.26
  945000000,	55.42,	6.14
  946000000,	55.43,	6.28
  947000000,	55.44,	6.10
  948000000,	55.45,	6.34
  949000000,	55.46,	6.23
  950000000,	55.48,	6.36
  951000000,	55.49,	6.19
  952000000,	55.51,	6.39
  953000000,	55.52,	6.28
  954000000,	55.54,	6.26
  955000000,	55.56,	6.57
  956000000,	55.57,	6.35
  957000000,	55.59,	6.22
  958000000,	55.61,	6.34
  959000000,	55.63,	6.25
  960000000,	55.66,	6.19
  961000000,	55.68,	6.03
  962000000,	55.70,	6.05
  963000000,	55.72,	6.07
  964000000,	55.74,	6.19
  965000000,	55.76,	6.15
  966000000,	55.79,	6.16
  967000000,	55.81,	6.21
  968000000,	55.83,	6.16
  969000000,	55.86,	6.18
  970000000,	55.88,	6.22
  971000000,	55.90,	6.03
  972000000,	55.92,	6.12
  973000000,	55.95,	6.00
  974000000,	55.97,	6.10
  975000000,	55.99,	6.09
  976000000,	56.01,	6.11
  977000000,	56.03,	6.01
  978000000,	56.05,	6.00
  979000000,	56.07,	5.93
  980000000,	56.09,	5.86
  981000000,	56.10,	5.92
  982000000,	56.12,	5.99
  983000000,	56.14,	5.93
  984000000,	56.15,	5.97
  985000000,	56.17,	5.92
  986000000,	56.18,	5.98
  987000000,	56.20,	5.95
  988000000,	56.21,	5.93
  989000000,	56.22,	5.91
  990000000,	56.23,	5.93
  991000000,	56.24,	5.89
  992000000,	56.25,	5.94
  993000000,	56.25,	5.91
  994000000,	56.25,	6.00
  995000000,	56.26,	5.97
  996000000,	56.26,	6.00
  997000000,	56.26,	5.99
  998000000,	56.27,	5.99
  999000000,	56.27,	5.92
 1000000000,	56.27,	6.13
 1001000000,	56.27,	6.18
 1002000000,	56.27,	6.04
 1003000000,	56.26,	5.94
 1004000000,	56.26,	6.10
 1005000000,	56.26,	5.98
 1006000000,	56.26,	6.03
 1007000000,	56.25,	6.04
 1008000000,	56.25,	6.17
 1009000000,	56.25,	6.10
 1010000000,	56.25,	6.15
 1011000000,	56.24,	6.19
 1012000000,	56.24,	6.18
 1013000000,	56.23,	6.24
 1014000000,	56.23,	6.16
 1015000000,	56.23,	6.27
