% f (Hz),G_rec (dB),T_e_rec (K)
  580000000,	55.58,	5.13
  581000000,	55.57,	5.24
  582000000,	55.55,	5.22
  583000000,	55.54,	5.29
  584000000,	55.53,	5.16
  585000000,	55.52,	5.25
  586000000,	55.51,	5.22
  587000000,	55.50,	5.19
  588000000,	55.49,	5.22
  589000000,	55.49,	5.28
  590000000,	55.48,	5.27
  591000000,	55.47,	5.27
  592000000,	55.46,	5.25
  593000000,	55.45,	5.23
  594000000,	55.44,	5.33
  595000000,	55.44,	5.25
  596000000,	55.43,	5.23
  597000000,	55.42,	5.17
  598000000,	55.41,	5.28
  599000000,	55.40,	5.36
  600000000,	55.40,	5.26
  601000000,	55.39,	5.01
  602000000,	55.38,	5.18
  603000000,	55.38,	5.22
  604000000,	55.37,	5.18
  605000000,	55.36,	5.04
  606000000,	55.36,	5.10
  607000000,	55.35,	5.06
  608000000,	55.34,	5.13
  609000000,	55.34,	5.15
  610000000,	55.33,	4.99
  611000000,	55.32,	5.07
  612000000,	55.32,	5.12
  613000000,	55.32,	5.14
  614000000,	55.31,	5.14
  615000000,	55.31,	5.12
  616000000,	55.30,	5.05
  617000000,	55.30,	5.16
  618000000,	55.29,	5.07
  619000000,	55.29,	5.04
  620000000,	55.28,	5.05
  621000000,	55.28,	5.10
  622000000,	55.28,	5.00
  623000000,	55.27,	5.12
  624000000,	55.27,	4.95
  625000000,	55.27,	5.06
  626000000,	55.26,	5.09
  627000000,	55.26,	5.03
  628000000,	55.25,	4.87
  629000000,	55.25,	5.04
  630000000,	55.24,	5.00
  631000000,	55.24,	4.96
  632000000,	55.23,	4.99
  633000000,	55.23,	4.92
  634000000,	55.22,	4.96
  635000000,	55.22,	4.78
  636000000,	55.21,	4.92
  637000000,	55.21,	4.95
  638000000,	55.20,	4.94
  639000000,	55.19,	4.86
  640000000,	55.19,	4.99
  641000000,	55.18,	4.82
  642000000,	55.17,	4.84
  643000000,	55.17,	4.91
  644000000,	55.16,	4.79
  645000000,	55.16,	4.94
  646000000,	55.15,	4.77
  647000000,	55.14,	4.98
  648000000,	55.14,	4.87
  649000000,	55.13,	4.90
  650000000,	55.12,	4.76
  651000000,	55.11,	4.84
  652000000,	55.11,	4.81
  653000000,	55.10,	4.82
  654000000,	55.09,	4.81
  655000000,	55.09,	5.02
  656000000,	55.08,	4.80
  657000000,	55.07,	4.91
  658000000,	55.06,	4.76
  659000000,	55.05,	4.84
  660000000,	55.05,	4.81
  661000000,	55.04,	4.73
  662000000,	55.03,	4.86
  663000000,	55.02,	4.78
  664000000,	55.01,	4.90
  665000000,	55.00,	4.82
  666000000,	54.99,	4.97
  667000000,	54.99,	4.81
  668000000,	54.98,	4.95
  669000000,	54.98,	4.85
  670000000,	54.97,	4.84
  671000000,	54.97,	4.96
  672000000,	54.96,	4.87
  673000000,	54.95,	4.92
  674000000,	54.95,	4.88
  675000000,	54.94,	4.83
  676000000,	54.94,	4.98
  677000000,	54.94,	4.85
  678000000,	54.93,	5.03
  679000000,	54.93,	4.86
  680000000,	54.93,	5.00
  681000000,	54.92,	4.98
  682000000,	54.92,	4.99
  683000000,	54.92,	5.05
  684000000,	54.91,	5.03
  685000000,	54.91,	5.04
  686000000,	54.91,	4.91
  687000000,	54.91,	5.05
  688000000,	54.90,	5.12
  689000000,	54.90,	5.02
  690000000,	54.89,	5.01
  691000000,	54.89,	5.01
  692000000,	54.89,	5.01
  693000000,	54.89,	5.07
  694000000,	54.88,	5.04
  695000000,	54.88,	5.05
  696000000,	54.87,	5.06
  697000000,	54.87,	5.05
  698000000,	54.86,	5.11
  699000000,	54.86,	5.12
  700000000,	54.85,	5.11
  701000000,	54.85,	5.14
  702000000,	54.84,	5.24
  703000000,	54.83,	5.14
  704000000,	54.83,	5.10
  705000000,	54.82,	5.16
  706000000,	54.81,	5.29
  707000000,	54.80,	5.28
  708000000,	54.80,	5.10
  709000000,	54.79,	5.21
  710000000,	54.78,	5.31
  711000000,	54.77,	5.17
  712000000,	54.76,	5.23
  713000000,	54.75,	5.22
  714000000,	54.74,	5.21
  715000000,	54.73,	5.27
  716000000,	54.72,	5.21
  717000000,	54.71,	5.39
  718000000,	54.70,	5.34
  719000000,	54.69,	5.31
  720000000,	54.69,	5.24
  721000000,	54.68,	5.35
  722000000,	54.67,	5.24
  723000000,	54.66,	5.36
  724000000,	54.65,	5.35
  725000000,	54.64,	5.37
  726000000,	54.63,	5.38
  727000000,	54.62,	5.28
  728000000,	54.61,	5.44
  729000000,	54.60,	5.44
  730000000,	54.60,	5.65
  731000000,	54.59,	5.45
  732000000,	54.58,	5.52
  733000000,	54.58,	5.55
  734000000,	54.57,	5.55
  735000000,	54.56,	5.62
  736000000,	54.56,	5.61
  737000000,	54.56,	5.52
  738000000,	54.55,	5.67
  739000000,	54.55,	5.72
  740000000,	54.55,	5.73
  741000000,	54.55,	5.69
  742000000,	54.55,	5.72
  743000000,	54.55,	5.74
  744000000,	54.55,	5.74
  745000000,	54.55,	5.72
  746000000,	54.55,	5.65
  747000000,	54.55,	5.84
  748000000,	54.56,	5.65
  749000000,	54.56,	5.72
  750000000,	54.56,	5.78
  751000000,	54.57,	5.81
  752000000,	54.58,	5.82
  753000000,	54.58,	5.78
  754000000,	54.59,	5.79
  755000000,	54.60,	5.79
  756000000,	54.61,	5.75
  757000000,	54.62,	5.69
  758000000,	54.63,	5.78
  759000000,	54.64,	5.79
  760000000,	54.65,	5.77
  761000000,	54.66,	5.76
  762000000,	54.68,	5.81
  763000000,	54.69,	5.69
  764000000,	54.70,	5.73
  765000000,	54.72,	5.62
  766000000,	54.73,	5.74
  767000000,	54.74,	5.67
  768000000,	54.76,	5.66
  769000000,	54.77,	5.68
  770000000,	54.78,	5.55
  771000000,	54.80,	5.54
  772000000,	54.81,	5.66
  773000000,	54.83,	5.64
  774000000,	54.84,	5.49
  775000000,	54.85,	5.54
  776000000,	54.86,	5.52
  777000000,	54.88,	5.44
  778000000,	54.89,	5.50
  779000000,	54.90,	5.44
  780000000,	54.91,	5.47
  781000000,	54.92,	5.43
  782000000,	54.93,	5.36
  783000000,	54.94,	5.30
  784000000,	54.95,	5.31
  785000000,	54.96,	5.34
  786000000,	54.96,	5.38
  787000000,	54.97,	5.39
  788000000,	54.97,	5.13
  789000000,	54.98,	5.22
  790000000,	54.98,	5.25
  791000000,	54.98,	5.26
  792000000,	54.98,	5.22
  793000000,	54.98,	5.13
  794000000,	54.98,	5.22
  795000000,	54.98,	5.29
  796000000,	54.98,	5.22
  797000000,	54.98,	5.33
  798000000,	54.97,	5.24
  799000000,	54.97,	5.41
  800000000,	54.96,	5.30
  801000000,	54.95,	5.33
  802000000,	54.94,	5.27
  803000000,	54.93,	5.37
  804000000,	54.92,	5.27
  805000000,	54.91,	5.27
  806000000,	54.90,	5.30
  807000000,	54.89,	5.34
  808000000,	54.88,	5.45
  809000000,	54.87,	5.40
  810000000,	54.85,	5.40
  811000000,	54.84,	5.47
  812000000,	54.83,	5.49
  813000000,	54.82,	5.58
  814000000,	54.80,	5.71
  815000000,	54.79,	5.58
  816000000,	54.77,	5.73
  817000000,	54.76,	5.68
  818000000,	54.75,	5.74
  819000000,	54.73,	5.74
  820000000,	54.72,	5.84
  821000000,	54.70,	5.89
  822000000,	54.69,	5.95
  823000000,	54.68,	5.95
  824000000,	54.66,	5.89
  825000000,	54.65,	6.01
  826000000,	54.64,	5.91
  827000000,	54.62,	5.97
  828000000,	54.61,	6.12
  829000000,	54.60,	6.11
  830000000,	54.59,	6.23
  831000000,	54.58,	6.23
  832000000,	54.57,	6.21
  833000000,	54.56,	6.30
  834000000,	54.56,	6.37
  835000000,	54.55,	6.27
  836000000,	54.55,	6.35
  837000000,	54.54,	6.35
  838000000,	54.54,	6.44
  839000000,	54.54,	6.45
  840000000,	54.54,	6.49
  841000000,	54.53,	6.50
  842000000,	54.53,	6.47
  843000000,	54.54,	6.33
  844000000,	54.54,	6.50
  845000000,	54.54,	6.45
  846000000,	54.54,	6.49
  847000000,	54.55,	6.43
  848000000,	54.55,	6.48
  849000000,	54.56,	6.51
  850000000,	54.57,	6.45
  851000000,	54.58,	6.44
  852000000,	54.58,	6.46
  853000000,	54.59,	6.44
  854000000,	54.60,	6.42
  855000000,	54.62,	6.40
  856000000,	54.63,	6.40
  857000000,	54.64,	6.33
  858000000,	54.65,	6.32
  859000000,	54.67,	6.28
  860000000,	54.68,	6.40
  861000000,	54.69,	6.30
  862000000,	54.70,	6.34
  863000000,	54.72,	6.29
  864000000,	54.73,	6.25
  865000000,	54.75,	6.33
  866000000,	54.76,	6.23
  867000000,	54.78,	6.17
  868000000,	54.79,	5.94
  869000000,	54.81,	6.10
  870000000,	54.82,	6.15
  871000000,	54.84,	6.17
  872000000,	54.85,	6.14
  873000000,	54.86,	6.03
  874000000,	54.88,	6.03
  875000000,	54.89,	6.13
  876000000,	54.90,	6.03
  877000000,	54.91,	5.96
  878000000,	54.92,	6.01
  879000000,	54.93,	6.13
  880000000,	54.94,	5.97
  881000000,	54.95,	6.01
  882000000,	54.96,	5.94
  883000000,	54.97,	5.98
  884000000,	54.97,	6.06
  885000000,	54.98,	6.04
  886000000,	54.98,	6.10
  887000000,	54.99,	6.11
  888000000,	54.99,	6.04
  889000000,	54.99,	6.13
  890000000,	54.99,	6.06
  891000000,	54.99,	6.16
  892000000,	54.99,	6.28
  893000000,	54.99,	6.17
  894000000,	54.98,	6.16
  895000000,	54.98,	6.21
  896000000,	54.97,	6.39
  897000000,	54.97,	6.50
  898000000,	54.97,	6.38
  899000000,	54.96,	6.37
  900000000,	54.95,	6.56
  901000000,	54.95,	6.66
  902000000,	54.94,	6.64
  903000000,	54.93,	6.65
  904000000,	54.91,	6.88
  905000000,	54.90,	6.74
  906000000,	54.89,	7.02
  907000000,	54.87,	6.95
  908000000,	54.86,	7.00
  909000000,	54.84,	7.08
  910000000,	54.83,	7.20
  911000000,	54.81,	7.31
  912000000,	54.80,	7.20
  913000000,	54.78,	7.18
  914000000,	54.77,	7.27
  915000000,	54.76,	7.34
  916000000,	54.74,	7.40
  917000000,	54.73,	7.24
  918000000,	54.72,	7.18
  919000000,	54.71,	7.29
  920000000,	54.70,	7.25
  921000000,	54.70,	7.29
  922000000,	54.69,	7.23
  923000000,	54.68,	7.30
  924000000,	54.68,	7.43
  925000000,	54.67,	7.37
  926000000,	54.66,	7.36
  927000000,	54.66,	7.63
  928000000,	54.65,	7.34
  929000000,	54.65,	7.32
  930000000,	54.65,	7.18
  931000000,	54.65,	7.16
  932000000,	54.65,	7.29
  933000000,	54.65,	7.08
  934000000,	54.65,	7.08
  935000000,	54.65,	7.06
  936000000,	54.66,	7.20
  937000000,	54.66,	7.15
  938000000,	54.66,	7.25
  939000000,	54.67,	7.22
  940000000,	54.68,	7.19
  941000000,	54.69,	7.09
  942000000,	54.70,	7.09
  943000000,	54.71,	7.14
  944000000,	54.72,	7.21
  945000000,	54.73,	7.12
  946000000,	54.75,	7.17
  947000000,	54.76,	7.16
  948000000,	54.78,	7.14
  949000000,	54.79,	7.18
  950000000,	54.80,	7.07
  951000000,	54.82,	7.18
  952000000,	54.84,	7.29
  953000000,	54.86,	7.14
  954000000,	54.88,	7.24
  955000000,	54.91,	7.22
  956000000,	54.93,	7.25
  957000000,	54.96,	7.15
  958000000,	54.98,	7.12
  959000000,	55.01,	7.17
  960000000,	55.03,	7.14
  961000000,	55.05,	6.99
  962000000,	55.07,	7.25
  963000000,	55.09,	7.05
  964000000,	55.11,	7.05
  965000000,	55.14,	7.03
  966000000,	55.16,	7.04
  967000000,	55.19,	6.92
  968000000,	55.22,	6.86
  969000000,	55.26,	6.99
  970000000,	55.29,	6.91
  971000000,	55.32,	6.87
  972000000,	55.35,	6.79
  973000000,	55.37,	6.86
  974000000,	55.40,	6.80
  975000000,	55.41,	7.09
  976000000,	55.43,	6.84
  977000000,	55.45,	6.85
  978000000,	55.46,	6.78
  979000000,	55.48,	6.86
  980000000,	55.49,	6.79
  981000000,	55.51,	6.80
  982000000,	55.52,	6.66
  983000000,	55.53,	6.91
  984000000,	55.54,	6.77
  985000000,	55.55,	6.75
  986000000,	55.56,	6.70
  987000000,	55.57,	6.80
  988000000,	55.58,	6.77
  989000000,	55.59,	6.85
  990000000,	55.60,	6.72
  991000000,	55.60,	6.72
  992000000,	55.60,	6.83
  993000000,	55.61,	6.79
  994000000,	55.61,	6.78
  995000000,	55.61,	6.83
  996000000,	55.61,	6.71
  997000000,	55.61,	6.77
  998000000,	55.62,	6.93
  999000000,	55.62,	6.91
 1000000000,	55.62,	6.87
 1001000000,	55.61,	6.94
 1002000000,	55.61,	6.79
 1003000000,	55.61,	6.82
 1004000000,	55.60,	6.99
 1005000000,	55.60,	6.88
 1006000000,	55.60,	6.97
 1007000000,	55.59,	6.89
 1008000000,	55.60,	7.00
 1009000000,	55.60,	7.03
 1010000000,	55.60,	6.96
 1011000000,	55.60,	6.99
 1012000000,	55.61,	6.94
 1013000000,	55.61,	7.06
 1014000000,	55.61,	7.18
 1015000000,	55.62,	7.08
