% f (Hz),G_rec (dB),T_e_rec (K)
  580000000,	56.20,	5.55
  581000000,	56.20,	5.56
  582000000,	56.21,	5.52
  583000000,	56.22,	5.64
  584000000,	56.22,	5.48
  585000000,	56.22,	5.49
  586000000,	56.23,	5.51
  587000000,	56.23,	5.59
  588000000,	56.23,	5.46
  589000000,	56.23,	5.34
  590000000,	56.23,	5.45
  591000000,	56.23,	5.34
  592000000,	56.23,	5.40
  593000000,	56.23,	5.33
  594000000,	56.23,	5.36
  595000000,	56.22,	5.32
  596000000,	56.22,	5.36
  597000000,	56.22,	5.43
  598000000,	56.22,	5.39
  599000000,	56.21,	5.32
  600000000,	56.21,	5.30
  601000000,	56.20,	5.19
  602000000,	56.20,	5.22
  603000000,	56.20,	5.24
  604000000,	56.19,	5.34
  605000000,	56.19,	5.14
  606000000,	56.18,	5.16
  607000000,	56.18,	5.05
  608000000,	56.17,	5.08
  609000000,	56.17,	5.00
  610000000,	56.16,	5.16
  611000000,	56.16,	5.05
  612000000,	56.15,	5.08
  613000000,	56.14,	5.03
  614000000,	56.14,	4.86
  615000000,	56.13,	4.97
  616000000,	56.13,	5.02
  617000000,	56.12,	5.03
  618000000,	56.12,	4.95
  619000000,	56.11,	4.94
  620000000,	56.10,	5.00
  621000000,	56.10,	4.86
  622000000,	56.09,	4.88
  623000000,	56.09,	4.85
  624000000,	56.09,	4.80
  625000000,	56.08,	4.98
  626000000,	56.08,	4.88
  627000000,	56.07,	4.90
  628000000,	56.07,	4.75
  629000000,	56.06,	5.01
  630000000,	56.06,	4.86
  631000000,	56.06,	4.85
  632000000,	56.06,	4.79
  633000000,	56.05,	4.87
  634000000,	56.05,	4.81
  635000000,	56.04,	4.79
  636000000,	56.04,	4.79
  637000000,	56.04,	4.79
  638000000,	56.03,	4.75
  639000000,	56.03,	4.78
  640000000,	56.03,	4.84
  641000000,	56.03,	4.85
  642000000,	56.02,	4.79
  643000000,	56.02,	4.79
  644000000,	56.01,	4.76
  645000000,	56.01,	4.72
  646000000,	56.01,	4.66
  647000000,	56.00,	4.75
  648000000,	56.00,	4.72
  649000000,	55.99,	4.69
  650000000,	55.99,	4.75
  651000000,	55.98,	4.77
  652000000,	55.98,	4.69
  653000000,	55.97,	4.75
  654000000,	55.97,	4.72
  655000000,	55.97,	4.66
  656000000,	55.96,	4.72
  657000000,	55.96,	4.77
  658000000,	55.95,	4.69
  659000000,	55.95,	4.74
  660000000,	55.94,	4.72
  661000000,	55.94,	4.77
  662000000,	55.93,	4.55
  663000000,	55.93,	4.69
  664000000,	55.92,	4.61
  665000000,	55.92,	4.63
  666000000,	55.92,	4.69
  667000000,	55.91,	4.64
  668000000,	55.91,	4.61
  669000000,	55.90,	4.78
  670000000,	55.90,	4.67
  671000000,	55.90,	4.78
  672000000,	55.89,	4.71
  673000000,	55.89,	4.58
  674000000,	55.88,	4.82
  675000000,	55.88,	4.77
  676000000,	55.88,	4.84
  677000000,	55.87,	4.74
  678000000,	55.87,	4.67
  679000000,	55.87,	4.72
  680000000,	55.87,	4.66
  681000000,	55.87,	4.76
  682000000,	55.87,	4.69
  683000000,	55.86,	4.70
  684000000,	55.86,	4.79
  685000000,	55.86,	4.71
  686000000,	55.86,	4.86
  687000000,	55.86,	4.74
  688000000,	55.86,	4.79
  689000000,	55.86,	4.80
  690000000,	55.86,	4.85
  691000000,	55.86,	4.85
  692000000,	55.86,	4.84
  693000000,	55.86,	4.84
  694000000,	55.86,	4.83
  695000000,	55.86,	4.76
  696000000,	55.86,	4.86
  697000000,	55.86,	4.82
  698000000,	55.86,	4.84
  699000000,	55.86,	4.86
  700000000,	55.86,	4.88
  701000000,	55.87,	4.85
  702000000,	55.86,	4.83
  703000000,	55.86,	4.76
  704000000,	55.86,	4.86
  705000000,	55.86,	4.89
  706000000,	55.86,	4.83
  707000000,	55.86,	4.90
  708000000,	55.86,	4.77
  709000000,	55.86,	4.86
  710000000,	55.85,	4.82
  711000000,	55.85,	4.93
  712000000,	55.85,	4.77
  713000000,	55.84,	4.73
  714000000,	55.84,	4.79
  715000000,	55.83,	4.83
  716000000,	55.83,	4.85
  717000000,	55.83,	4.94
  718000000,	55.82,	4.79
  719000000,	55.81,	4.82
  720000000,	55.81,	4.86
  721000000,	55.80,	4.78
  722000000,	55.79,	4.94
  723000000,	55.79,	4.96
  724000000,	55.78,	4.81
  725000000,	55.77,	4.88
  726000000,	55.76,	4.95
  727000000,	55.76,	4.85
  728000000,	55.75,	4.90
  729000000,	55.74,	5.00
  730000000,	55.73,	5.06
  731000000,	55.73,	4.87
  732000000,	55.72,	4.95
  733000000,	55.71,	4.94
  734000000,	55.71,	5.07
  735000000,	55.70,	5.09
  736000000,	55.69,	5.00
  737000000,	55.68,	5.06
  738000000,	55.68,	5.07
  739000000,	55.67,	5.06
  740000000,	55.67,	5.23
  741000000,	55.66,	5.09
  742000000,	55.65,	5.24
  743000000,	55.65,	5.14
  744000000,	55.64,	5.26
  745000000,	55.63,	5.26
  746000000,	55.63,	5.33
  747000000,	55.62,	5.17
  748000000,	55.62,	5.18
  749000000,	55.61,	5.28
  750000000,	55.61,	5.29
  751000000,	55.61,	5.31
  752000000,	55.60,	5.28
  753000000,	55.60,	5.30
  754000000,	55.60,	5.34
  755000000,	55.60,	5.28
  756000000,	55.60,	5.26
  757000000,	55.61,	5.40
  758000000,	55.61,	5.33
  759000000,	55.61,	5.37
  760000000,	55.62,	5.48
  761000000,	55.62,	5.41
  762000000,	55.62,	5.49
  763000000,	55.63,	5.44
  764000000,	55.64,	5.41
  765000000,	55.64,	5.31
  766000000,	55.65,	5.41
  767000000,	55.65,	5.39
  768000000,	55.66,	5.38
  769000000,	55.67,	5.35
  770000000,	55.68,	5.39
  771000000,	55.69,	5.37
  772000000,	55.70,	5.36
  773000000,	55.71,	5.39
  774000000,	55.72,	5.29
  775000000,	55.73,	5.36
  776000000,	55.74,	5.22
  777000000,	55.75,	5.23
  778000000,	55.76,	5.37
  779000000,	55.77,	5.22
  780000000,	55.79,	5.38
  781000000,	55.80,	5.30
  782000000,	55.81,	5.31
  783000000,	55.82,	5.19
  784000000,	55.83,	5.17
  785000000,	55.84,	5.17
  786000000,	55.85,	5.20
  787000000,	55.86,	5.05
  788000000,	55.87,	5.17
  789000000,	55.88,	5.02
  790000000,	55.90,	5.03
  791000000,	55.90,	5.04
  792000000,	55.91,	5.11
  793000000,	55.92,	5.10
  794000000,	55.93,	5.00
  795000000,	55.94,	5.09
  796000000,	55.95,	5.03
  797000000,	55.95,	5.05
  798000000,	55.96,	4.96
  799000000,	55.97,	5.06
  800000000,	55.97,	5.09
  801000000,	55.97,	4.98
  802000000,	55.98,	4.99
  803000000,	55.98,	4.98
  804000000,	55.98,	5.06
  805000000,	55.99,	4.99
  806000000,	55.99,	4.97
  807000000,	55.99,	4.90
  808000000,	55.99,	5.02
  809000000,	55.98,	4.98
  810000000,	55.98,	5.01
  811000000,	55.98,	5.06
  812000000,	55.98,	5.02
  813000000,	55.97,	4.99
  814000000,	55.97,	5.10
  815000000,	55.96,	5.16
  816000000,	55.96,	5.31
  817000000,	55.95,	5.13
  818000000,	55.94,	5.27
  819000000,	55.94,	5.26
  820000000,	55.93,	5.21
  821000000,	55.92,	5.27
  822000000,	55.91,	5.32
  823000000,	55.90,	5.34
  824000000,	55.89,	5.37
  825000000,	55.88,	5.36
  826000000,	55.87,	5.39
  827000000,	55.86,	5.46
  828000000,	55.86,	5.53
  829000000,	55.84,	5.49
  830000000,	55.84,	5.48
  831000000,	55.83,	5.54
  832000000,	55.82,	5.62
  833000000,	55.81,	5.67
  834000000,	55.80,	5.59
  835000000,	55.79,	5.57
  836000000,	55.78,	5.65
  837000000,	55.78,	5.64
  838000000,	55.77,	5.76
  839000000,	55.76,	5.75
  840000000,	55.76,	5.79
  841000000,	55.75,	5.79
  842000000,	55.74,	5.86
  843000000,	55.74,	5.75
  844000000,	55.73,	5.81
  845000000,	55.73,	5.82
  846000000,	55.73,	5.86
  847000000,	55.73,	5.88
  848000000,	55.72,	5.75
  849000000,	55.72,	5.86
  850000000,	55.72,	5.79
  851000000,	55.72,	5.85
  852000000,	55.72,	5.75
  853000000,	55.73,	5.93
  854000000,	55.73,	5.79
  855000000,	55.73,	5.87
  856000000,	55.74,	5.81
  857000000,	55.75,	5.76
  858000000,	55.75,	5.75
  859000000,	55.76,	5.79
  860000000,	55.77,	5.64
  861000000,	55.77,	5.75
  862000000,	55.78,	5.76
  863000000,	55.79,	5.66
  864000000,	55.80,	5.67
  865000000,	55.82,	5.61
  866000000,	55.83,	5.64
  867000000,	55.84,	5.75
  868000000,	55.86,	5.60
  869000000,	55.87,	5.53
  870000000,	55.88,	5.65
  871000000,	55.90,	5.64
  872000000,	55.91,	5.54
  873000000,	55.93,	5.43
  874000000,	55.94,	5.56
  875000000,	55.96,	5.46
  876000000,	55.97,	5.51
  877000000,	55.99,	5.52
  878000000,	56.00,	5.51
  879000000,	56.02,	5.46
  880000000,	56.03,	5.38
  881000000,	56.05,	5.53
  882000000,	56.06,	5.46
  883000000,	56.07,	5.33
  884000000,	56.09,	5.40
  885000000,	56.10,	5.32
  886000000,	56.12,	5.38
  887000000,	56.13,	5.35
  888000000,	56.14,	5.44
  889000000,	56.16,	5.32
  890000000,	56.17,	5.58
  891000000,	56.18,	5.49
  892000000,	56.19,	5.44
  893000000,	56.20,	5.48
  894000000,	56.21,	5.53
  895000000,	56.22,	5.50
  896000000,	56.23,	5.48
  897000000,	56.24,	5.53
  898000000,	56.24,	5.62
  899000000,	56.25,	5.63
  900000000,	56.25,	5.70
  901000000,	56.26,	5.68
  902000000,	56.25,	5.79
  903000000,	56.26,	5.80
  904000000,	56.25,	5.87
  905000000,	56.25,	5.91
  906000000,	56.25,	5.86
  907000000,	56.24,	6.07
  908000000,	56.23,	6.05
  909000000,	56.22,	6.27
  910000000,	56.22,	6.24
  911000000,	56.21,	6.17
  912000000,	56.20,	6.24
  913000000,	56.19,	6.16
  914000000,	56.18,	6.18
  915000000,	56.17,	6.05
  916000000,	56.17,	6.04
  917000000,	56.16,	6.04
  918000000,	56.16,	6.07
  919000000,	56.16,	5.90
  920000000,	56.15,	5.97
  921000000,	56.14,	5.88
  922000000,	56.14,	5.83
  923000000,	56.13,	5.94
  924000000,	56.12,	5.88
  925000000,	56.11,	5.95
  926000000,	56.11,	5.93
  927000000,	56.10,	5.92
  928000000,	56.09,	6.07
  929000000,	56.08,	5.93
  930000000,	56.07,	6.01
  931000000,	56.06,	5.99
  932000000,	56.05,	5.93
  933000000,	56.04,	5.95
  934000000,	56.03,	5.96
  935000000,	56.03,	5.97
  936000000,	56.02,	6.05
  937000000,	56.01,	6.06
  938000000,	56.01,	6.12
  939000000,	56.00,	6.01
  940000000,	55.99,	6.06
  941000000,	55.99,	5.91
  942000000,	55.99,	6.02
  943000000,	55.99,	6.16
  944000000,	55.99,	6.14
  945000000,	55.98,	6.21
  946000000,	55.98,	6.22
  947000000,	55.98,	6.23
  948000000,	55.99,	6.16
  949000000,	55.99,	6.31
  950000000,	55.99,	6.33
  951000000,	56.00,	6.23
  952000000,	56.00,	6.40
  953000000,	56.01,	6.38
  954000000,	56.01,	6.49
  955000000,	56.02,	6.42
  956000000,	56.03,	6.44
  957000000,	56.04,	6.27
  958000000,	56.05,	6.56
  959000000,	56.06,	6.59
  960000000,	56.08,	6.48
  961000000,	56.09,	6.58
  962000000,	56.10,	6.59
  963000000,	56.12,	6.63
  964000000,	56.13,	6.60
  965000000,	56.15,	6.64
  966000000,	56.16,	6.48
  967000000,	56.18,	6.50
  968000000,	56.19,	6.59
  969000000,	56.21,	6.52
  970000000,	56.23,	6.44
  971000000,	56.24,	6.43
  972000000,	56.26,	6.50
  973000000,	56.28,	6.40
  974000000,	56.29,	6.50
  975000000,	56.31,	6.45
  976000000,	56.33,	6.35
  977000000,	56.34,	6.47
  978000000,	56.36,	6.31
  979000000,	56.37,	6.39
  980000000,	56.39,	6.42
  981000000,	56.40,	6.24
  982000000,	56.42,	6.36
  983000000,	56.43,	6.29
  984000000,	56.44,	6.36
  985000000,	56.45,	6.27
  986000000,	56.46,	6.50
  987000000,	56.47,	6.33
  988000000,	56.48,	6.43
  989000000,	56.49,	6.33
  990000000,	56.50,	6.41
  991000000,	56.51,	6.23
  992000000,	56.51,	6.33
  993000000,	56.51,	6.39
  994000000,	56.52,	6.35
  995000000,	56.52,	6.43
  996000000,	56.52,	6.25
  997000000,	56.53,	6.36
  998000000,	56.53,	6.40
  999000000,	56.54,	6.40
 1000000000,	56.54,	6.31
 1001000000,	56.55,	6.38
 1002000000,	56.55,	6.39
 1003000000,	56.55,	6.33
 1004000000,	56.55,	6.37
 1005000000,	56.54,	6.42
 1006000000,	56.53,	6.46
 1007000000,	56.53,	6.38
 1008000000,	56.52,	6.18
 1009000000,	56.52,	6.52
 1010000000,	56.51,	6.50
 1011000000,	56.51,	6.35
 1012000000,	56.51,	6.47
 1013000000,	56.51,	6.58
 1014000000,	56.51,	6.48
 1015000000,	56.51,	6.38
