% f (Hz),G_rec (dB),T_e_rec (K)
  580000000,	56.69,	5.08
  581000000,	56.68,	5.12
  582000000,	56.68,	5.14
  583000000,	56.67,	5.27
  584000000,	56.66,	5.08
  585000000,	56.65,	5.26
  586000000,	56.65,	5.36
  587000000,	56.64,	5.21
  588000000,	56.63,	5.27
  589000000,	56.63,	5.22
  590000000,	56.62,	5.20
  591000000,	56.61,	5.17
  592000000,	56.60,	5.19
  593000000,	56.59,	5.34
  594000000,	56.59,	5.25
  595000000,	56.58,	5.16
  596000000,	56.57,	5.06
  597000000,	56.56,	5.23
  598000000,	56.56,	5.21
  599000000,	56.55,	5.14
  600000000,	56.54,	5.20
  601000000,	56.53,	5.23
  602000000,	56.52,	5.12
  603000000,	56.51,	5.08
  604000000,	56.50,	5.13
  605000000,	56.50,	5.08
  606000000,	56.49,	5.11
  607000000,	56.48,	5.06
  608000000,	56.47,	5.23
  609000000,	56.46,	5.07
  610000000,	56.45,	4.97
  611000000,	56.44,	5.06
  612000000,	56.43,	4.98
  613000000,	56.43,	5.04
  614000000,	56.42,	5.00
  615000000,	56.41,	4.93
  616000000,	56.40,	4.96
  617000000,	56.39,	5.00
  618000000,	56.38,	4.92
  619000000,	56.37,	4.90
  620000000,	56.36,	4.90
  621000000,	56.35,	4.91
  622000000,	56.34,	4.94
  623000000,	56.33,	4.77
  624000000,	56.33,	4.90
  625000000,	56.32,	4.89
  626000000,	56.31,	4.86
  627000000,	56.30,	5.03
  628000000,	56.29,	4.90
  629000000,	56.29,	4.78
  630000000,	56.28,	4.87
  631000000,	56.27,	4.79
  632000000,	56.27,	4.82
  633000000,	56.26,	4.81
  634000000,	56.26,	4.82
  635000000,	56.25,	4.76
  636000000,	56.24,	4.79
  637000000,	56.24,	4.85
  638000000,	56.23,	4.88
  639000000,	56.22,	4.79
  640000000,	56.22,	4.79
  641000000,	56.21,	4.81
  642000000,	56.21,	4.77
  643000000,	56.20,	4.81
  644000000,	56.20,	4.72
  645000000,	56.19,	4.71
  646000000,	56.19,	4.65
  647000000,	56.18,	4.69
  648000000,	56.18,	4.75
  649000000,	56.17,	4.75
  650000000,	56.17,	4.81
  651000000,	56.16,	4.69
  652000000,	56.16,	4.74
  653000000,	56.16,	4.78
  654000000,	56.15,	4.61
  655000000,	56.15,	4.70
  656000000,	56.15,	4.75
  657000000,	56.14,	4.77
  658000000,	56.14,	4.67
  659000000,	56.14,	4.66
  660000000,	56.13,	4.73
  661000000,	56.13,	4.70
  662000000,	56.13,	4.71
  663000000,	56.12,	4.75
  664000000,	56.12,	4.87
  665000000,	56.11,	4.75
  666000000,	56.11,	4.77
  667000000,	56.11,	4.75
  668000000,	56.11,	4.83
  669000000,	56.10,	4.74
  670000000,	56.10,	4.82
  671000000,	56.10,	4.86
  672000000,	56.09,	4.83
  673000000,	56.09,	4.74
  674000000,	56.09,	4.83
  675000000,	56.08,	4.93
  676000000,	56.08,	4.85
  677000000,	56.08,	4.83
  678000000,	56.08,	4.96
  679000000,	56.07,	4.85
  680000000,	56.07,	4.87
  681000000,	56.07,	4.86
  682000000,	56.07,	4.97
  683000000,	56.07,	4.86
  684000000,	56.07,	4.97
  685000000,	56.07,	4.85
  686000000,	56.06,	4.90
  687000000,	56.06,	5.01
  688000000,	56.06,	4.95
  689000000,	56.06,	4.80
  690000000,	56.06,	5.04
  691000000,	56.06,	4.96
  692000000,	56.05,	4.96
  693000000,	56.05,	4.99
  694000000,	56.05,	4.97
  695000000,	56.05,	4.98
  696000000,	56.05,	5.01
  697000000,	56.04,	5.06
  698000000,	56.04,	5.00
  699000000,	56.04,	5.07
  700000000,	56.04,	5.04
  701000000,	56.03,	5.06
  702000000,	56.03,	5.06
  703000000,	56.03,	5.24
  704000000,	56.02,	5.08
  705000000,	56.02,	5.05
  706000000,	56.02,	5.14
  707000000,	56.01,	5.19
  708000000,	56.01,	5.18
  709000000,	56.00,	5.20
  710000000,	56.00,	5.18
  711000000,	55.99,	5.09
  712000000,	55.99,	5.14
  713000000,	55.98,	5.23
  714000000,	55.98,	5.13
  715000000,	55.97,	5.24
  716000000,	55.97,	5.12
  717000000,	55.96,	5.09
  718000000,	55.95,	5.14
  719000000,	55.95,	5.20
  720000000,	55.94,	5.29
  721000000,	55.93,	5.23
  722000000,	55.93,	5.28
  723000000,	55.92,	5.15
  724000000,	55.91,	5.26
  725000000,	55.90,	5.21
  726000000,	55.90,	5.23
  727000000,	55.89,	5.35
  728000000,	55.88,	5.35
  729000000,	55.88,	5.44
  730000000,	55.87,	5.40
  731000000,	55.86,	5.43
  732000000,	55.86,	5.47
  733000000,	55.85,	5.38
  734000000,	55.84,	5.46
  735000000,	55.84,	5.47
  736000000,	55.83,	5.43
  737000000,	55.82,	5.50
  738000000,	55.82,	5.47
  739000000,	55.81,	5.61
  740000000,	55.81,	5.61
  741000000,	55.81,	5.58
  742000000,	55.80,	5.53
  743000000,	55.80,	5.67
  744000000,	55.80,	5.68
  745000000,	55.79,	5.63
  746000000,	55.79,	5.73
  747000000,	55.79,	5.59
  748000000,	55.79,	5.72
  749000000,	55.79,	5.68
  750000000,	55.79,	5.71
  751000000,	55.79,	5.81
  752000000,	55.79,	5.63
  753000000,	55.79,	5.86
  754000000,	55.78,	5.78
  755000000,	55.79,	5.77
  756000000,	55.79,	5.68
  757000000,	55.79,	5.69
  758000000,	55.79,	5.73
  759000000,	55.79,	5.86
  760000000,	55.79,	5.65
  761000000,	55.80,	5.79
  762000000,	55.80,	5.68
  763000000,	55.80,	5.70
  764000000,	55.81,	5.67
  765000000,	55.81,	5.61
  766000000,	55.82,	5.71
  767000000,	55.82,	5.57
  768000000,	55.83,	5.63
  769000000,	55.84,	5.58
  770000000,	55.85,	5.57
  771000000,	55.86,	5.51
  772000000,	55.86,	5.54
  773000000,	55.87,	5.49
  774000000,	55.88,	5.49
  775000000,	55.89,	5.41
  776000000,	55.90,	5.45
  777000000,	55.91,	5.43
  778000000,	55.92,	5.46
  779000000,	55.93,	5.39
  780000000,	55.94,	5.43
  781000000,	55.95,	5.36
  782000000,	55.96,	5.22
  783000000,	55.97,	5.26
  784000000,	55.99,	5.19
  785000000,	56.00,	5.27
  786000000,	56.01,	5.04
  787000000,	56.02,	5.17
  788000000,	56.03,	5.19
  789000000,	56.04,	5.02
  790000000,	56.05,	5.00
  791000000,	56.06,	5.10
  792000000,	56.08,	5.10
  793000000,	56.08,	5.14
  794000000,	56.10,	5.16
  795000000,	56.11,	4.94
  796000000,	56.12,	5.10
  797000000,	56.12,	5.01
  798000000,	56.13,	5.07
  799000000,	56.14,	5.07
  800000000,	56.15,	4.97
  801000000,	56.16,	5.13
  802000000,	56.16,	4.97
  803000000,	56.17,	4.97
  804000000,	56.18,	5.02
  805000000,	56.18,	4.98
  806000000,	56.19,	4.87
  807000000,	56.19,	5.08
  808000000,	56.20,	4.98
  809000000,	56.20,	4.94
  810000000,	56.20,	5.05
  811000000,	56.20,	5.10
  812000000,	56.21,	5.07
  813000000,	56.20,	5.16
  814000000,	56.20,	5.06
  815000000,	56.21,	5.13
  816000000,	56.20,	5.18
  817000000,	56.20,	5.15
  818000000,	56.20,	5.24
  819000000,	56.20,	5.17
  820000000,	56.20,	5.19
  821000000,	56.19,	5.28
  822000000,	56.19,	5.17
  823000000,	56.19,	5.34
  824000000,	56.18,	5.33
  825000000,	56.18,	5.32
  826000000,	56.17,	5.25
  827000000,	56.17,	5.40
  828000000,	56.16,	5.38
  829000000,	56.16,	5.45
  830000000,	56.15,	5.38
  831000000,	56.15,	5.46
  832000000,	56.14,	5.46
  833000000,	56.13,	5.54
  834000000,	56.13,	5.48
  835000000,	56.12,	5.59
  836000000,	56.12,	5.54
  837000000,	56.11,	5.57
  838000000,	56.11,	5.60
  839000000,	56.10,	5.51
  840000000,	56.10,	5.60
  841000000,	56.09,	5.58
  842000000,	56.09,	5.61
  843000000,	56.09,	5.56
  844000000,	56.08,	5.66
  845000000,	56.08,	5.50
  846000000,	56.08,	5.61
  847000000,	56.08,	5.58
  848000000,	56.08,	5.70
  849000000,	56.08,	5.61
  850000000,	56.08,	5.56
  851000000,	56.08,	5.62
  852000000,	56.08,	5.51
  853000000,	56.08,	5.68
  854000000,	56.08,	5.53
  855000000,	56.08,	5.53
  856000000,	56.08,	5.44
  857000000,	56.09,	5.59
  858000000,	56.09,	5.57
  859000000,	56.09,	5.56
  860000000,	56.09,	5.53
  861000000,	56.10,	5.47
  862000000,	56.10,	5.51
  863000000,	56.11,	5.48
  864000000,	56.11,	5.39
  865000000,	56.11,	5.50
  866000000,	56.12,	5.39
  867000000,	56.13,	5.46
  868000000,	56.14,	5.37
  869000000,	56.15,	5.40
  870000000,	56.16,	5.31
  871000000,	56.17,	5.31
  872000000,	56.19,	5.37
  873000000,	56.20,	5.38
  874000000,	56.21,	5.31
  875000000,	56.22,	5.28
  876000000,	56.23,	5.44
  877000000,	56.25,	5.41
  878000000,	56.26,	5.36
  879000000,	56.27,	5.34
  880000000,	56.27,	5.42
  881000000,	56.29,	5.27
  882000000,	56.30,	5.28
  883000000,	56.30,	5.26
  884000000,	56.31,	5.38
  885000000,	56.32,	5.41
  886000000,	56.33,	5.37
  887000000,	56.33,	5.41
  888000000,	56.34,	5.45
  889000000,	56.35,	5.45
  890000000,	56.35,	5.54
  891000000,	56.35,	5.56
  892000000,	56.36,	5.58
  893000000,	56.37,	5.48
  894000000,	56.37,	5.58
  895000000,	56.37,	5.54
  896000000,	56.37,	5.59
  897000000,	56.37,	5.55
  898000000,	56.37,	5.66
  899000000,	56.37,	5.65
  900000000,	56.37,	5.75
  901000000,	56.37,	5.79
  902000000,	56.36,	5.67
  903000000,	56.36,	5.92
  904000000,	56.36,	5.93
  905000000,	56.35,	5.98
  906000000,	56.35,	6.07
  907000000,	56.34,	6.02
  908000000,	56.34,	6.29
  909000000,	56.33,	6.23
  910000000,	56.32,	6.35
  911000000,	56.31,	6.18
  912000000,	56.31,	6.28
  913000000,	56.30,	6.32
  914000000,	56.30,	6.32
  915000000,	56.29,	6.32
  916000000,	56.29,	6.18
  917000000,	56.28,	6.34
  918000000,	56.27,	6.28
  919000000,	56.26,	6.23
  920000000,	56.25,	6.14
  921000000,	56.24,	6.25
  922000000,	56.23,	6.19
  923000000,	56.22,	6.35
  924000000,	56.21,	6.25
  925000000,	56.20,	6.42
  926000000,	56.19,	6.34
  927000000,	56.18,	6.34
  928000000,	56.17,	6.37
  929000000,	56.17,	6.17
  930000000,	56.16,	6.21
  931000000,	56.16,	6.23
  932000000,	56.15,	6.13
  933000000,	56.15,	6.03
  934000000,	56.14,	6.23
  935000000,	56.14,	6.25
  936000000,	56.13,	6.17
  937000000,	56.13,	6.14
  938000000,	56.13,	5.98
  939000000,	56.12,	6.23
  940000000,	56.12,	6.15
  941000000,	56.12,	6.25
  942000000,	56.12,	6.05
  943000000,	56.13,	6.16
  944000000,	56.13,	6.22
  945000000,	56.13,	6.18
  946000000,	56.13,	6.28
  947000000,	56.14,	6.33
  948000000,	56.14,	6.11
  949000000,	56.15,	6.23
  950000000,	56.16,	6.23
  951000000,	56.17,	6.20
  952000000,	56.18,	6.34
  953000000,	56.19,	6.35
  954000000,	56.20,	6.47
  955000000,	56.21,	6.30
  956000000,	56.23,	6.49
  957000000,	56.24,	6.40
  958000000,	56.26,	6.34
  959000000,	56.27,	6.30
  960000000,	56.29,	6.27
  961000000,	56.30,	6.23
  962000000,	56.32,	6.40
  963000000,	56.34,	6.38
  964000000,	56.36,	6.34
  965000000,	56.37,	6.36
  966000000,	56.39,	6.20
  967000000,	56.41,	6.27
  968000000,	56.43,	6.37
  969000000,	56.44,	6.22
  970000000,	56.46,	6.18
  971000000,	56.48,	6.24
  972000000,	56.50,	6.23
  973000000,	56.51,	6.20
  974000000,	56.53,	6.19
  975000000,	56.55,	6.20
  976000000,	56.57,	6.23
  977000000,	56.58,	6.11
  978000000,	56.60,	6.19
  979000000,	56.61,	6.08
  980000000,	56.62,	6.17
  981000000,	56.64,	6.13
  982000000,	56.65,	6.28
  983000000,	56.66,	6.17
  984000000,	56.67,	6.20
  985000000,	56.68,	6.11
  986000000,	56.69,	6.25
  987000000,	56.70,	6.22
  988000000,	56.70,	6.11
  989000000,	56.71,	6.09
  990000000,	56.72,	6.21
  991000000,	56.73,	6.13
  992000000,	56.74,	6.15
  993000000,	56.75,	6.11
  994000000,	56.76,	6.12
  995000000,	56.77,	6.25
  996000000,	56.77,	6.43
  997000000,	56.77,	6.28
  998000000,	56.77,	6.20
  999000000,	56.77,	6.29
 1000000000,	56.77,	6.33
 1001000000,	56.77,	6.36
 1002000000,	56.76,	6.28
 1003000000,	56.76,	6.23
 1004000000,	56.76,	6.30
 1005000000,	56.75,	6.30
 1006000000,	56.75,	6.35
 1007000000,	56.75,	6.29
 1008000000,	56.74,	6.43
 1009000000,	56.74,	6.36
 1010000000,	56.73,	6.38
 1011000000,	56.73,	6.49
 1012000000,	56.73,	6.42
 1013000000,	56.73,	6.44
 1014000000,	56.72,	6.42
 1015000000,	56.72,	6.41
