#SOURCE_ID | RA | DEC | NVSS_FLUX | INT_SPEC_INDX | 3C_NAME | PKS_JNAME | PKS_1410_FLUX | PKS_635_FLUX | PKS_408_FLUX | PKS_SPEC_INDX 
4414|258.314548|-25.042818|7.426383|-0.685836|No-3C|No-PKS|0.000000|0.000000|0.000000|0.000000
11347|187.276513|2.051155|55.339714|-0.322505|3C273|PKS-J1229+0203|42.000000|0.000000|55.100000|-0.333677
16776|206.889273|12.289984|5.546404|0.178428|No-3C|PKS-J1347+1217|5.080000|7.180000|8.780000|-0.125112
34900|270.749580|-21.801693|6.109029|1.720739|No-3C|No-PKS|0.000000|0.000000|0.000000|0.000000
35037|272.345631|-20.319133|35.227062|2.264952|No-3C|No-PKS|0.000000|0.000000|0.000000|0.000000
35065|272.243321|-20.087742|8.024625|1.756664|No-3C|No-PKS|0.000000|0.000000|0.000000|0.000000
35138|272.879626|-19.427833|13.223433|-0.668774|No-3C|No-PKS|0.000000|0.000000|0.000000|0.000000
51965|49.740790|16.475822|8.248794|0.037814|No-3C|PKS-J0318+1628|8.300000|0.000000|8.060000|-0.029389
98433|187.705512|12.388655|142.316559|-0.550627|3C274|PKS-J1230+1223|220.000000|0.000000|519.000000|-0.713582
98434|187.705517|12.388647|153.332825|-0.575785|3C274|PKS-J1230+1223|220.000000|0.000000|519.000000|-0.713582
98503|186.267810|12.885343|6.062761|-0.403029|No-3C|PKS-J1225+1253|6.000000|0.000000|12.200000|-0.557891
103435|83.630784|22.018364|727.483215|0.699894|3C144|PKS-J0534+2200|0.000000|0.000000|0.000000|0.000000
109377|152.000195|7.504472|6.721457|-0.629594|3C237|PKS-J1007+0730|6.600000|0.000000|15.400000|-0.651439
109379|152.000207|7.504464|6.849847|-0.636411|3C237|PKS-J1007+0730|6.600000|0.000000|15.400000|-0.651439
130615|83.824945|-5.389300|206.441849|2.948219|3C145|PKS-J0535-0523|410.000000|0.000000|450.000000|0.000000
138994|259.606694|-39.315977|10.073893|1.909443|No-3C|No-PKS|0.000000|0.000000|0.000000|0.000000
139018|260.026509|-38.966937|17.163208|2.091508|No-3C|No-PKS|0.000000|0.000000|0.000000|0.000000
139019|260.031550|-38.939296|5.748071|1.684746|No-3C|No-PKS|0.000000|0.000000|0.000000|0.000000
139071|258.623458|-38.524687|5.314275|-0.766223|No-3C|No-PKS|0.000000|0.000000|0.000000|0.000000
139108|258.545805|-38.179184|6.905239|-0.524098|No-3C|No-PKS|0.000000|0.000000|0.000000|0.000000
182480|214.784079|6.476684|6.172105|-1.058299|3C298|PKS-J1419+0628|6.300000|0.000000|23.400000|-0.995451
182481|214.784079|6.476684|6.177994|-1.057930|3C298|PKS-J1419+0628|6.300000|0.000000|23.400000|-0.995451
210155|308.948262|-34.900447|5.901047|-0.744553|No-3C|PKS-J2035-3454|5.700000|0.000000|17.600000|-0.702760
214516|40.033942|-23.154477|6.396847|0.693325|No-3C|PKS-J0240-2309|4.400000|0.000000|3.670000|-0.173726
216803|193.654121|-12.558504|7.705525|-0.556070|3C278|PKS-J1254-1233|7.340000|13.400000|14.700000|-0.654970
217584|295.312401|-15.408690|6.881021|-0.604292|No-3C|PKS-J1941-1524|7.000000|0.000000|16.000000|-0.565895
226614|51.978140|2.559885|5.042829|-0.559356|No-3C|PKS-J0327+0233|4.700000|7.900000|10.900000|-0.626005
252289|202.657054|25.153032|7.139390|-0.454746|3C287|PKS-J1330+2509|7.000000|12.000000|0.000000|-0.433086
259634|258.238754|-28.159991|5.234124|-0.871115|No-3C|No-PKS|0.000000|0.000000|0.000000|0.000000
288722|277.745661|-36.042154|7.416634|-0.894708|No-3C|PKS-J1830-3602|7.400000|0.000000|25.800000|-0.418970
293442|9.585007|-2.127960|6.191835|-0.695603|3C17|PKS-J0038-0207|6.400000|0.000000|16.500000|-0.660146
295998|194.046434|-5.788942|9.808958|-0.323171|3C279|PKS-J1256-0547|11.600000|14.300000|14.500000|-0.287297
313042|333.605265|-17.027314|8.862838|-0.926109|3C444|PKS-J2214-1701|8.600000|0.000000|28.700000|-0.964085
315430|85.429100|-1.906590|48.420456|1.170553|No-3C|PKS-J0541-0154|50.000000|0.000000|450.000000|0.117138
318676|281.906377|-1.936799|21.746267|2.101258|No-3C|No-PKS|0.000000|0.000000|0.000000|0.000000
318691|280.386713|-1.880648|5.979164|-0.877915|No-3C|No-PKS|0.000000|0.000000|0.000000|0.000000
322019|279.607370|17.198980|7.088984|-0.666082|3C386|PKS-J1838+1711|7.100000|0.000000|14.600000|-0.641228
325973|262.669927|-21.487627|14.890945|-0.639116|3C358|PKS-J1730-2129|14.000000|0.000000|0.000000|-0.661712
334225|229.185695|7.021629|5.575236|-1.042670|3C317|PKS-J1516+0701|5.800000|0.000000|25.200000|-1.070475
334226|229.185695|7.021629|5.582089|-1.042114|3C317|PKS-J1516+0701|5.800000|0.000000|25.200000|-1.070475
360396|57.906622|-27.739148|5.707339|-0.644707|No-3C|PKS-J0351-2744|5.300000|0.000000|15.800000|-0.792004
374699|192.099944|-19.988535|5.238620|-0.036936|No-3C|PKS-J1248-1959|4.900000|0.000000|8.610000|-0.018743
384324|178.590673|-35.091545|6.301233|-0.197383|No-3C|PKS-J1154-3505|6.100000|0.000000|10.900000|-0.151101
421726|270.820633|-27.803610|6.907262|-0.836171|No-3C|No-PKS|0.000000|0.000000|0.000000|0.000000
421727|270.820622|-27.803609|6.954781|-0.833124|No-3C|No-PKS|0.000000|0.000000|0.000000|0.000000
439166|83.685487|19.456012|7.216420|-0.372285|No-3C|PKS-J0534+1927|6.000000|0.000000|0.000000|0.000000
479108|61.852048|3.684270|5.603690|-0.577273|3C105|PKS-J0407+0340|5.100000|8.900000|9.350000|-0.566297
483490|80.741184|-36.458297|17.574017|-0.574125|No-3C|PKS-J0522-3627|16.300000|0.000000|36.100000|-0.569788
483491|80.741184|-36.458297|17.583929|-0.581764|No-3C|PKS-J0522-3627|16.300000|0.000000|36.100000|-0.569788
505828|266.433731|-28.988655|118.807533|0.872007|No-3C|No-PKS|0.000000|0.000000|0.000000|0.000000
505888|266.837739|-28.419271|6.183379|1.441196|No-3C|No-PKS|0.000000|0.000000|0.000000|0.000000
514156|184.809032|5.827205|5.669140|-0.576108|3C270|PKS-J1219+0549|17.200000|0.000000|41.500000|-0.606479
524772|263.261073|-13.080334|6.159280|-0.098656|No-3C|PKS-J1733-1304|5.200000|0.000000|6.580000|-0.134985
536847|275.128384|-16.187417|268.160156|2.910333|No-3C|No-PKS|0.000000|0.000000|0.000000|0.000000
536848|275.100188|-16.122541|21.772509|2.220797|No-3C|No-PKS|0.000000|0.000000|0.000000|0.000000
559984|172.529364|-14.824258|5.696720|0.256756|No-3C|PKS-J1130-1449|6.400000|0.000000|5.070000|0.208425
564352|252.787116|4.991248|47.255966|-0.939120|3C348|PKS-J1651+0459|47.000000|0.000000|169.000000|-0.986481
569369|47.108892|4.111594|7.367230|-0.489348|3C78|PKS-J0308+0406|7.800000|10.500000|13.600000|-0.480700
570408|14.394712|-1.390564|5.392739|-0.525740|3C29|PKS-J0057-0123|5.400000|0.000000|10.900000|-0.604411
570409|14.394712|-1.390563|5.400240|-0.525153|3C29|PKS-J0057-0123|5.400000|0.000000|10.900000|-0.604411
587383|59.731156|10.429467|10.722362|-0.689407|3C98|PKS-J0358+1025|11.100000|0.000000|27.500000|-0.723317
596800|197.913742|-22.278250|5.307928|-1.042216|No-3C|PKS-J1311-2216|5.240000|0.000000|22.200000|-0.933501
662137|44.442990|6.053092|5.902930|-0.569405|No-3C|PKS-J0257+0602|6.000000|0.000000|16.200000|-0.713814
675572|298.063684|2.507459|5.907279|-0.690765|3C403|PKS-J1952+0230|5.800000|10.700000|13.600000|-0.727364
675573|298.063683|2.507458|5.910742|-0.690532|3C403|PKS-J1952+0230|5.800000|10.700000|13.600000|-0.727364
679172|20.113000|-15.338081|5.116396|-0.740929|No-3C|PKS-J0120-1520|4.700000|0.000000|13.500000|-0.686017
692138|226.243108|26.016881|7.481819|-0.907212|3C310|PKS-J1504+2556|7.200000|17.100000|0.000000|-1.013218
693831|305.026778|29.704317|9.748716|-0.746690|3C410|No-PKS|0.000000|0.000000|0.000000|0.000000
693832|305.026778|29.704316|9.752368|-0.748724|3C410|No-PKS|0.000000|0.000000|0.000000|0.000000
696614|71.156016|-28.163428|6.841652|-0.860173|No-3C|PKS-J0444-2809|6.900000|0.000000|220.000000|-0.935814
711711|273.565968|-17.931506|11.430783|2.227170|No-3C|No-PKS|0.000000|0.000000|0.000000|0.000000
722905|6.454869|-26.036916|8.959855|-0.269264|No-3C|PKS-J0025-2602|8.600000|0.000000|17.000000|-0.353298
726598|139.524312|-12.093676|42.992828|-0.876014|3C218|PKS-J0918-1205|43.500000|0.000000|132.000000|-0.832145
726599|139.524315|-12.093674|43.050743|-0.893367|3C218|PKS-J0918-1205|43.500000|0.000000|132.000000|-0.832145
785517|176.278967|19.618673|5.628475|-0.543442|3C264|PKS-J1145+1936|5.600000|0.000000|19.300000|-0.735649
802965|274.472654|-11.735214|5.517976|1.607845|No-3C|No-PKS|0.000000|0.000000|0.000000|0.000000
816217|146.938982|7.418802|7.620460|-0.717764|3C227|PKS-J0947+0725|7.100000|0.000000|22.100000|-0.782255
822367|259.504061|-37.441520|18.080452|-0.542121|No-3C|No-PKS|0.000000|0.000000|0.000000|0.000000
822368|259.504061|-37.441521|18.136354|-0.540760|No-3C|No-PKS|0.000000|0.000000|0.000000|0.000000
822396|259.863415|-37.180240|5.017605|1.587857|No-3C|No-PKS|0.000000|0.000000|0.000000|0.000000
822419|262.324531|-36.668660|7.261117|1.956469|No-3C|No-PKS|0.000000|0.000000|0.000000|0.000000
822427|262.261338|-36.571218|8.790199|1.727975|No-3C|No-PKS|0.000000|0.000000|0.000000|0.000000
822463|260.079481|-35.914896|6.250400|1.778093|No-3C|No-PKS|0.000000|0.000000|0.000000|0.000000
822467|260.183968|-35.821506|9.586102|1.874263|No-3C|No-PKS|0.000000|0.000000|0.000000|0.000000
822539|262.622271|-34.699403|9.064759|2.014419|No-3C|No-PKS|0.000000|0.000000|0.000000|0.000000
822601|261.187873|-34.173881|23.626619|2.472893|No-3C|No-PKS|0.000000|0.000000|0.000000|0.000000
827237|281.600382|-2.991470|5.986501|-0.821823|No-3C|No-PKS|0.000000|0.000000|0.000000|0.000000
827276|281.529758|-2.698680|5.098756|1.394886|No-3C|No-PKS|0.000000|0.000000|0.000000|0.000000
885924|315.410946|-28.029717|5.749821|-0.546629|No-3C|PKS-J2101-2801|5.600000|0.000000|15.900000|-0.739653
919880|303.614944|23.581317|13.698611|-1.054597|3C409|PKS-J2014+2334|11.600000|34.500000|0.000000|-0.888275
925601|338.151745|11.730633|7.445548|0.111590|No-3C|PKS-J2232+1143|6.900000|0.000000|9.220000|-0.000504
940800|291.212986|-29.241972|13.593298|0.476862|No-3C|PKS-J1924-2914|5.700000|0.000000|5.630000|0.000000
953017|278.389291|-10.568220|6.359015|-0.049142|No-3C|No-PKS|0.000000|0.000000|0.000000|0.000000
957617|17.218915|13.328909|13.868507|-0.658479|3C33|PKS-J0108+1320|14.700000|0.000000|33.600000|-0.715125
975310|40.669689|-0.013293|5.044722|-0.540657|3C71|PKS-J0242-0000|5.100000|8.500000|12.400000|-0.546289
1018115|343.490448|16.148122|12.837571|0.190969|No-3C|PKS-J2253+1608|12.200000|0.000000|11.600000|-0.054808
1036977|263.415762|-32.929601|5.038151|1.321403|No-3C|PKS-J1733-3254|0.000000|0.000000|0.000000|0.000000
1037194|265.091300|-30.961563|19.706549|-0.501799|No-3C|PKS-J1740-3057|35.000000|0.000000|0.000000|-0.438978
1042317|331.543073|-18.594152|6.568810|-0.197008|No-3C|PKS-J2206-1835|6.600000|0.000000|9.730000|-0.376979
1055679|260.125591|-0.979783|55.670414|-0.711213|3C353|PKS-J1720-0058|54.000000|97.000000|138.000000|-0.653160
1089228|93.455637|26.077019|5.057430|-0.876116|3C154|PKS-J0613+2604|3.250000|4.700000|9.200000|-0.738052
1113687|96.791588|-5.885657|19.157124|-0.663406|3C161|PKS-J0627-0553|18.500000|0.000000|44.700000|-0.630787
1113688|96.791588|-5.885657|19.170380|-0.673904|3C161|PKS-J0627-0553|18.500000|0.000000|44.700000|-0.630787
1115790|278.416576|-21.061128|11.070878|0.278931|No-3C|PKS-J1833-2103|0.000000|0.000000|11.500000|0.000000
1117967|69.268987|29.670717|50.298401|-0.750302|3C123|No-PKS|0.000000|0.000000|0.000000|0.000000
1117968|69.268987|29.670717|50.320240|-0.750079|3C123|No-PKS|0.000000|0.000000|0.000000|0.000000
1118764|336.447017|-4.950553|7.539944|-0.436377|3C446|PKS-J2225-0457|6.200000|0.000000|11.900000|-0.480967
1119186|335.964503|-2.137069|5.516568|-0.663663|3C445|PKS-J2223-0206|5.100000|12.200000|17.500000|-0.781643
1147166|320.936235|25.070593|11.937047|-0.690356|3C433|PKS-J2123+2504|12.400000|25.000000|0.000000|-0.723293
1147167|320.936235|25.070593|11.957411|-0.689580|3C433|PKS-J2123+2504|12.400000|25.000000|0.000000|-0.723293
1160332|286.893834|7.138793|12.031011|-0.586149|3C397|PKS-J1907+0705|0.000000|0.000000|0.000000|-0.437553
1160561|287.569714|9.102477|38.679203|2.188021|No-3C|No-PKS|0.000000|0.000000|0.000000|0.000000
1160575|287.788596|9.088444|29.573618|-0.206962|3C398|No-PKS|0.000000|0.000000|0.000000|0.000000
1173442|288.585192|11.148855|7.051558|1.798561|No-3C|No-PKS|0.000000|0.000000|0.000000|0.000000
1181229|275.619599|-9.649260|5.880832|-0.426414|No-3C|No-PKS|0.000000|0.000000|0.000000|0.000000
1183270|278.677387|-8.549552|8.550124|1.332031|No-3C|No-PKS|0.000000|0.000000|0.000000|0.000000
1183487|279.555294|-6.792758|14.525663|1.765981|3C385|No-PKS|0.000000|0.000000|0.000000|0.000000
1183550|279.391473|-6.257835|7.559983|1.321874|No-3C|No-PKS|0.000000|0.000000|0.000000|0.000000
1185905|282.340278|-0.921346|10.349626|-0.595375|3C391|PKS-J1849-0055|17.800000|0.000000|0.000000|-0.363134
1186201|285.448388|1.215005|13.530682|2.041396|No-3C|No-PKS|0.000000|0.000000|0.000000|0.000000
1186203|283.339514|1.241261|10.974669|2.036177|No-3C|PKS-J1853+0114|0.000000|0.000000|0.000000|0.000000
1198815|121.395096|24.165506|5.193349|-0.759623|3C192|PKS-J0805+2409|4.900000|8.300000|13.100000|-0.717182
1238311|316.788094|-25.412145|11.102346|-0.631572|No-3C|PKS-J2107-2526|11.200000|0.000000|31.000000|-0.649263
1248567|240.631057|1.963620|6.122483|-0.815466|3C327|PKS-J1602+0157|8.500000|16.900000|16.100000|-0.786930
1248569|240.626815|1.963927|8.256737|-0.791881|3C327|PKS-J1602+0157|8.500000|16.900000|16.100000|-0.786930
1255944|116.090178|-6.493259|8.300302|0.379758|No-3C|PKS-J0744-0629|7.800000|0.000000|12.200000|0.136958
1260429|135.448217|-25.922005|6.289026|-0.909651|No-3C|PKS-J0901-2555|5.900000|0.000000|17.200000|-0.805555
1289645|99.133373|-20.611392|8.936189|0.522617|No-3C|PKS-J0636-2036|6.000000|0.000000|22.700000|-0.850895
1289646|99.136524|-20.694316|8.936244|-0.646759|No-3C|PKS-J0636-2036|6.000000|0.000000|22.700000|-0.850895
1297219|23.489042|-36.494468|5.165761|-0.569156|No-3C|PKS-J0133-3629|7.100000|0.000000|160.000000|-0.777003
1299552|290.756694|14.277085|7.250345|1.649640|No-3C|No-PKS|0.000000|0.000000|0.000000|0.000000
1299577|290.803179|14.450454|9.446621|1.756338|No-3C|No-PKS|0.000000|0.000000|0.000000|0.000000
1299583|290.920398|14.504894|51.617767|2.336119|No-3C|PKS-J1923+1429|0.000000|0.000000|0.000000|0.000000
1299584|290.954921|14.547639|5.767863|1.564836|No-3C|PKS-J1923+1429|0.000000|0.000000|0.000000|0.000000
1341266|254.916745|-40.186674|11.850324|2.019755|No-3C|No-PKS|0.000000|0.000000|0.000000|0.000000
1344268|80.291384|16.639460|8.873109|-0.453434|No-3C|PKS-J0521+1638|9.200000|0.000000|17.200000|-0.235085
1354807|270.919500|-24.374827|13.292252|2.025071|No-3C|No-PKS|0.000000|0.000000|0.000000|0.000000
1380046|354.601449|27.000016|8.010723|-0.603986|3C465|PKS-J2338+2701|7.300000|17.100000|0.000000|-0.686029
1388564|75.743971|25.273455|5.868073|-0.698837|3C133|PKS-J0502+2516|5.800000|11.400000|0.000000|-0.663950
No-ID|11.567500|-42.126944|0.000000|0.000000|No-3C|PKS-J0046-4207|8.090000|0.000000|15.600000|-0.578091
No-ID|11.887500|-25.288333|0.000000|0.000000|No-3C|PKS-J0047-2517|6.000000|0.000000|6.120000|-0.474893
No-ID|21.501667|-1.345000|0.000000|0.000000|3C40|PKS-J0126-0120|5.200000|0.000000|16.400000|-0.734384
No-ID|32.693250|-51.016944|0.000000|0.000000|No-3C|PKS-J0210-5101|0.000000|0.000000|5.480000|0.000000
No-ID|43.192958|-71.076639|0.000000|0.000000|No-3C|PKS-J0252-7104|5.900000|0.000000|14.100000|-0.788469
No-ID|50.651667|-37.239167|0.000000|0.000000|No-3C|PKS-J0322-3714|0.000000|0.000000|259.000000|0.000000
No-ID|62.084917|-65.752667|0.000000|0.000000|No-3C|PKS-J0408-6544|14.400000|0.000000|51.100000|-1.081907
No-ID|62.201583|-75.122333|0.000000|0.000000|No-3C|PKS-J0408-7507|13.400000|0.000000|36.000000|-0.790349
No-ID|67.278333|-53.827222|0.000000|0.000000|No-3C|PKS-J0429-5349|5.600000|0.000000|14.600000|-0.844378
No-ID|70.071583|-43.552389|0.000000|0.000000|No-3C|PKS-J0440-4333|7.520000|0.000000|8.120000|0.078950
No-ID|79.934583|-45.777778|0.000000|0.000000|No-3C|PKS-J0519-4546|66.000000|0.000000|166.000000|-0.729482
No-ID|84.681250|-69.082500|0.000000|0.000000|No-3C|PKS-J0538-6904|34.000000|0.000000|39.100000|-0.139624
No-ID|84.802917|-69.490000|0.000000|0.000000|No-3C|PKS-J0539-6929|0.000000|0.000000|0.000000|0.000000
No-ID|92.398333|20.488333|0.000000|0.000000|No-3C|PKS-J0609+2029|11.300000|23.000000|0.000000|0.000000
No-ID|94.510417|22.659722|0.000000|0.000000|No-3C|PKS-J0618+2239|8.000000|14.700000|0.000000|0.166237
No-ID|96.584583|-53.687500|0.000000|0.000000|No-3C|PKS-J0626-5341|6.600000|0.000000|20.200000|-0.898703
No-ID|115.881333|-67.440556|0.000000|0.000000|No-3C|PKS-J0743-6726|5.300000|0.000000|8.610000|-0.577477
No-ID|116.880208|-19.294111|0.000000|0.000000|No-3C|PKS-J0747-1917|0.000000|0.000000|10.100000|-1.069355
No-ID|118.092917|-26.426944|0.000000|0.000000|No-3C|PKS-J0752-2625|11.300000|0.000000|17.200000|-0.432084
No-ID|124.066250|-35.588056|0.000000|0.000000|No-3C|PKS-J0816-3535|5.000000|0.000000|19.400000|-1.187919
No-ID|126.030833|-42.996111|0.000000|0.000000|No-3C|PKS-J0824-4259|18.000000|0.000000|198.000000|0.000000
No-ID|126.361250|-50.176667|0.000000|0.000000|No-3C|PKS-J0825-5010|0.000000|0.000000|1.880000|0.000000
No-ID|133.703646|20.108511|0.000000|0.000000|No-3C|PKS-J0854+2006|0.000000|0.000000|0.000000|0.000000
No-ID|134.867917|-43.762222|0.000000|0.000000|No-3C|PKS-J0859-4345|260.000000|0.000000|0.000000|0.000000
No-ID|134.780417|-47.523056|0.000000|0.000000|No-3C|PKS-J0859-4731|250.000000|0.000000|0.000000|0.000000
No-ID|135.985833|-38.615833|0.000000|0.000000|No-3C|PKS-J0903-3836|10.000000|0.000000|12.800000|0.000000
No-ID|141.106667|-51.993611|0.000000|0.000000|No-3C|PKS-J0924-5159|30.000000|0.000000|0.000000|0.000000
No-ID|182.983333|-53.160278|0.000000|0.000000|No-3C|PKS-J1211-5309|62.000000|0.000000|0.000000|-0.470835
No-ID|196.367917|-49.467500|0.000000|0.000000|No-3C|PKS-J1305-4928|6.600000|0.000000|14.000000|-0.552996
No-ID|200.301250|-43.710833|0.000000|0.000000|No-3C|PKS-J1321-4342|5.860000|0.000000|0.000000|0.000000
No-ID|201.383333|-43.066389|0.000000|0.000000|No-3C|PKS-J1325-4303|0.000000|0.000000|2746.000000|0.000000
No-ID|201.586250|-61.376111|0.000000|0.000000|No-3C|PKS-J1326-6122|8.300000|0.000000|0.000000|0.000000
No-ID|203.960417|-33.879444|0.000000|0.000000|No-3C|PKS-J1335-3352|0.000000|0.000000|0.000000|0.000000
No-ID|204.103750|-33.948611|0.000000|0.000000|No-3C|PKS-J1336-3356|0.000000|0.000000|34.000000|-0.365335
No-ID|206.740000|-60.382778|0.000000|0.000000|No-3C|PKS-J1346-6022|79.000000|0.000000|0.000000|0.000000
No-ID|216.134125|-49.230667|0.000000|0.000000|No-3C|PKS-J1424-4913|8.430000|10.000000|13.100000|-0.311549
No-ID|238.115833|-56.198889|0.000000|0.000000|No-3C|PKS-J1552-5611|0.000000|0.000000|0.000000|0.000000
No-ID|239.244875|-79.234472|0.000000|0.000000|No-3C|PKS-J1557-7913|5.800000|0.000000|7.950000|-0.246570
No-ID|241.688333|-63.525000|0.000000|0.000000|No-3C|PKS-J1606-6331|5.200000|0.000000|14.600000|-1.046433
No-ID|243.756250|-60.921667|0.000000|0.000000|No-3C|PKS-J1615-6055|43.000000|0.000000|0.000000|0.000000
No-ID|245.545833|-50.083889|0.000000|0.000000|No-3C|PKS-J1622-5005|8.300000|0.000000|0.000000|0.000000
No-ID|245.763750|-49.543611|0.000000|0.000000|No-3C|PKS-J1623-4932|6.000000|0.000000|0.000000|0.000000
No-ID|248.651667|-47.598889|0.000000|0.000000|No-3C|PKS-J1634-4735|87.000000|0.000000|0.000000|0.000000
No-ID|249.952500|-46.850278|0.000000|0.000000|No-3C|PKS-J1639-4651|53.000000|0.000000|0.000000|0.000000
No-ID|251.068417|-77.265500|0.000000|0.000000|No-3C|PKS-J1644-7715|5.800000|0.000000|11.400000|-0.499660
No-ID|260.920500|-65.009972|0.000000|0.000000|No-3C|PKS-J1723-6500|0.000000|0.000000|2.470000|0.000000
No-ID|264.399125|-56.567556|0.000000|0.000000|No-3C|PKS-J1737-5633|7.400000|0.000000|13.000000|-0.557539
No-ID|266.105875|-51.745528|0.000000|0.000000|No-3C|PKS-J1744-5144|0.000000|0.000000|5.380000|0.000000
No-ID|274.895792|-63.763361|0.000000|0.000000|No-3C|PKS-J1819-6345|12.300000|0.000000|37.000000|-0.856494
No-ID|275.982083|-12.476944|0.000000|0.000000|No-3C|PKS-J1823-1228|15.100000|0.000000|0.000000|0.000000
No-ID|281.825417|-2.044444|0.000000|0.000000|No-3C|PKS-J1847-0202|330.000000|0.000000|0.000000|0.000000
No-ID|286.016250|5.448889|0.000000|0.000000|3C396|PKS-J1904+0526|15.300000|0.000000|0.000000|-0.357182
No-ID|293.985417|-46.344167|0.000000|0.000000|No-3C|PKS-J1935-4620|12.600000|0.000000|39.600000|-0.881485
No-ID|294.854208|-63.712694|0.000000|0.000000|No-3C|PKS-J1939-6342|16.400000|0.000000|6.240000|0.383843
No-ID|297.315000|26.848333|0.000000|0.000000|No-3C|PKS-J1949+2650|5.400000|0.000000|0.000000|0.000000
No-ID|299.620417|-55.153333|0.000000|0.000000|No-3C|PKS-J1958-5509|6.000000|0.000000|14.000000|-0.696478
No-ID|329.274167|-69.689444|0.000000|0.000000|No-3C|PKS-J2157-6941|30.000000|0.000000|80.000000|-0.792113
No-ID|353.609167|-41.423333|0.000000|0.000000|No-3C|PKS-J2334-4125|5.070000|0.000000|15.900000|-0.809120
No-ID|359.746667|-60.915833|0.000000|0.000000|No-3C|PKS-J2358-6054|22.000000|0.000000|57.000000|-0.817006
