% f (Hz),G_rec (dB),T_e_rec (K)
 900000000,  55.54,   7.10
 901000000,  55.52,   7.23
 902000000,  55.50,   7.20
 903000000,  55.48,   7.18
 904000000,  55.44,   7.01
 905000000,  55.43,   7.09
 906000000,  55.41,   7.17
 907000000,  55.39,   6.96
 908000000,  55.37,   7.15
 909000000,  55.37,   6.90
 910000000,  55.34,   7.14
 911000000,  55.33,   7.23
 912000000,  55.33,   6.97
 913000000,  55.31,   7.06
 914000000,  55.30,   7.08
 915000000,  55.29,   7.11
 916000000,  55.28,   7.08
 917000000,  55.28,   7.09
 918000000,  55.27,   7.15
 919000000,  55.27,   7.11
 920000000,  55.26,   7.11
 921000000,  55.24,   7.01
 922000000,  55.24,   6.97
 923000000,  55.24,   6.99
 924000000,  55.23,   7.00
 925000000,  55.24,   6.96
 926000000,  55.22,   6.86
 927000000,  55.23,   6.88
 928000000,  55.23,   6.96
 929000000,  55.23,   6.87
 930000000,  55.22,   6.94
 931000000,  55.22,   6.85
 932000000,  55.23,   6.89
 933000000,  55.23,   6.80
 934000000,  55.23,   6.97
 935000000,  55.24,   6.88
 936000000,  55.24,   6.86
 937000000,  55.24,   6.85
 938000000,  55.24,   6.84
 939000000,  55.24,   6.89
 940000000,  55.23,   6.73
 941000000,  55.23,   6.73
 942000000,  55.24,   6.83
 943000000,  55.23,   6.83
 944000000,  55.22,   6.75
 945000000,  55.23,   6.84
 946000000,  55.22,   6.76
 947000000,  55.21,   6.90
 948000000,  55.20,   6.80
 949000000,  55.20,   6.95
 950000000,  55.20,   6.67
 951000000,  55.19,   6.79
 952000000,  55.18,   6.82
 953000000,  55.17,   6.86
 954000000,  55.15,   6.83
 955000000,  55.14,   6.86
 956000000,  55.14,   6.84
 957000000,  55.13,   6.90
 958000000,  55.11,   6.79
 959000000,  55.10,   6.83
 960000000,  55.08,   6.81
 961000000,  55.07,   6.74
 962000000,  55.05,   6.83
 963000000,  55.04,   6.85
 964000000,  55.02,   6.93
 965000000,  55.00,   6.86
 966000000,  54.99,   6.88
 967000000,  54.96,   6.91
 968000000,  54.95,   6.89
 969000000,  54.93,   6.92
 970000000,  54.92,   7.07
 971000000,  54.91,   6.90
 972000000,  54.89,   6.93
 973000000,  54.88,   7.00
 974000000,  54.85,   6.99
 975000000,  54.84,   6.96
 976000000,  54.83,   7.00
 977000000,  54.81,   7.05
 978000000,  54.80,   6.92
 979000000,  54.78,   7.13
 980000000,  54.77,   7.07
 981000000,  54.75,   7.16
 982000000,  54.74,   7.21
 983000000,  54.73,   7.20
 984000000,  54.71,   7.24
 985000000,  54.71,   7.24
 986000000,  54.69,   7.25
 987000000,  54.68,   7.30
 988000000,  54.68,   7.27
 989000000,  54.66,   7.26
 990000000,  54.65,   7.28
 991000000,  54.64,   7.29
 992000000,  54.63,   7.36
 993000000,  54.62,   7.29
 994000000,  54.61,   7.47
 995000000,  54.60,   7.43
 996000000,  54.60,   7.67
 997000000,  54.59,   7.54
 998000000,  54.59,   7.48
 999000000,  54.59,   7.46
1000000000,  54.58,   7.52
1001000000,  54.58,   7.50
1002000000,  54.58,   7.71
1003000000,  54.59,   7.46
1004000000,  54.59,   7.54
1005000000,  54.58,   7.68
1006000000,  54.59,   7.67
1007000000,  54.58,   7.77
1008000000,  54.60,   7.71
1009000000,  54.60,   7.76
1010000000,  54.58,   7.62
1011000000,  54.61,   7.66
1012000000,  54.60,   7.70
1013000000,  54.61,   7.68
1014000000,  54.62,   7.79
1015000000,  54.62,   7.73
1016000000,  54.62,   7.68
1017000000,  54.63,   7.82
1018000000,  54.64,   7.81
1019000000,  54.63,   7.80
1020000000,  54.64,   7.72
1021000000,  54.64,   7.88
1022000000,  54.65,   7.66
1023000000,  54.65,   7.74
1024000000,  54.66,   7.77
1025000000,  54.66,   7.70
1026000000,  54.67,   7.81
1027000000,  54.67,   7.79
1028000000,  54.67,   7.68
1029000000,  54.68,   7.69
1030000000,  54.69,   7.87
1031000000,  54.69,   7.84
1032000000,  54.70,   7.87
1033000000,  54.70,   7.78
1034000000,  54.70,   7.81
1035000000,  54.71,   7.72
1036000000,  54.71,   7.74
1037000000,  54.71,   7.75
1038000000,  54.72,   7.88
1039000000,  54.71,   7.87
1040000000,  54.72,   7.76
1041000000,  54.72,   7.85
1042000000,  54.72,   7.70
1043000000,  54.72,   7.76
1044000000,  54.71,   7.86
1045000000,  54.71,   7.88
1046000000,  54.70,   7.87
1047000000,  54.70,   7.82
1048000000,  54.69,   7.97
1049000000,  54.69,   7.95
1050000000,  54.67,   8.04
1051000000,  54.67,   7.85
1052000000,  54.66,   7.88
1053000000,  54.66,   7.77
1054000000,  54.65,   7.95
1055000000,  54.65,   7.78
1056000000,  54.63,   7.76
1057000000,  54.63,   7.83
1058000000,  54.62,   8.00
1059000000,  54.60,   7.85
1060000000,  54.60,   7.91
1061000000,  54.59,   7.79
1062000000,  54.58,   7.91
1063000000,  54.57,   7.89
1064000000,  54.56,   7.90
1065000000,  54.55,   8.01
1066000000,  54.54,   8.05
1067000000,  54.53,   7.91
1068000000,  54.53,   8.08
1069000000,  54.51,   7.90
1070000000,  54.51,   7.99
1071000000,  54.49,   7.94
1072000000,  54.48,   7.98
1073000000,  54.46,   8.00
1074000000,  54.45,   7.86
1075000000,  54.45,   8.09
1076000000,  54.43,   8.04
1077000000,  54.42,   8.09
1078000000,  54.41,   8.18
1079000000,  54.41,   8.08
1080000000,  54.39,   8.17
1081000000,  54.39,   8.24
1082000000,  54.38,   8.08
1083000000,  54.38,   8.21
1084000000,  54.37,   8.07
1085000000,  54.35,   8.10
1086000000,  54.35,   8.24
1087000000,  54.33,   8.33
1088000000,  54.34,   8.32
1089000000,  54.33,   8.37
1090000000,  54.32,   8.30
1091000000,  54.31,   8.50
1092000000,  54.31,   8.33
1093000000,  54.29,   8.26
1094000000,  54.30,   8.39
1095000000,  54.29,   8.24
1096000000,  54.28,   8.40
1097000000,  54.29,   8.39
1098000000,  54.29,   8.44
1099000000,  54.29,   8.39
1100000000,  54.29,   8.43
1101000000,  54.28,   8.29
1102000000,  54.29,   8.50
1103000000,  54.29,   8.61
1104000000,  54.30,   8.36
1105000000,  54.29,   8.46
1106000000,  54.30,   8.45
1107000000,  54.30,   8.29
1108000000,  54.31,   8.65
1109000000,  54.32,   8.49
1110000000,  54.32,   8.39
1111000000,  54.33,   8.68
1112000000,  54.34,   8.44
1113000000,  54.35,   8.60
1114000000,  54.34,   8.62
1115000000,  54.36,   8.59
1116000000,  54.37,   8.49
1117000000,  54.38,   8.50
1118000000,  54.38,   8.48
1119000000,  54.39,   8.55
1120000000,  54.40,   8.49
1121000000,  54.41,   8.46
1122000000,  54.41,   8.64
1123000000,  54.42,   8.62
1124000000,  54.43,   8.53
1125000000,  54.45,   8.52
1126000000,  54.46,   8.63
1127000000,  54.47,   8.50
1128000000,  54.49,   8.57
1129000000,  54.50,   8.51
1130000000,  54.50,   8.55
1131000000,  54.51,   8.40
1132000000,  54.53,   8.62
1133000000,  54.54,   8.62
1134000000,  54.54,   8.73
1135000000,  54.56,   8.51
1136000000,  54.56,   8.59
1137000000,  54.57,   8.50
1138000000,  54.59,   8.54
1139000000,  54.58,   8.37
1140000000,  54.59,   8.57
1141000000,  54.60,   8.49
1142000000,  54.61,   8.52
1143000000,  54.62,   8.62
1144000000,  54.63,   8.61
1145000000,  54.63,   8.36
1146000000,  54.64,   8.54
1147000000,  54.64,   8.56
1148000000,  54.64,   8.57
1149000000,  54.64,   8.51
1150000000,  54.65,   8.51
1151000000,  54.65,   8.54
1152000000,  54.65,   8.66
1153000000,  54.65,   8.54
1154000000,  54.67,   8.57
1155000000,  54.66,   8.50
1156000000,  54.66,   8.35
1157000000,  54.67,   8.65
1158000000,  54.67,   8.41
1159000000,  54.66,   8.53
1160000000,  54.65,   8.66
1161000000,  54.65,   8.43
1162000000,  54.65,   8.38
1163000000,  54.66,   8.47
1164000000,  54.64,   8.49
1165000000,  54.64,   8.47
1166000000,  54.62,   8.43
1167000000,  54.63,   8.58
1168000000,  54.61,   8.46
1169000000,  54.60,   8.42
1170000000,  54.60,   8.53
1171000000,  54.60,   8.42
1172000000,  54.59,   8.58
1173000000,  54.58,   8.52
1174000000,  54.57,   8.46
1175000000,  54.56,   8.57
1176000000,  54.55,   8.80
1177000000,  54.54,   8.51
1178000000,  54.53,   8.66
1179000000,  54.53,   8.74
1180000000,  54.51,   8.55
1181000000,  54.50,   8.63
1182000000,  54.48,   8.64
1183000000,  54.49,   8.70
1184000000,  54.46,   8.62
1185000000,  54.45,   8.49
1186000000,  54.45,   8.70
1187000000,  54.42,   8.76
1188000000,  54.41,   8.81
1189000000,  54.41,   8.72
1190000000,  54.40,   8.87
1191000000,  54.39,   8.82
1192000000,  54.38,   8.74
1193000000,  54.36,   8.85
1194000000,  54.36,   8.82
1195000000,  54.35,   8.79
1196000000,  54.34,   8.75
1197000000,  54.32,   8.85
1198000000,  54.31,   8.85
1199000000,  54.31,   8.89
1200000000,  54.29,   8.96
1201000000,  54.28,   9.01
1202000000,  54.28,   8.99
1203000000,  54.28,   8.99
1204000000,  54.27,   8.90
1205000000,  54.27,   9.12
1206000000,  54.27,   8.97
1207000000,  54.26,   8.97
1208000000,  54.25,   8.92
1209000000,  54.25,   9.01
1210000000,  54.24,   8.96
1211000000,  54.24,   8.85
1212000000,  54.24,   9.04
1213000000,  54.23,   9.01
1214000000,  54.23,   9.16
1215000000,  54.23,   8.92
1216000000,  54.23,   9.09
1217000000,  54.23,   9.08
1218000000,  54.24,   9.11
1219000000,  54.25,   8.99
1220000000,  54.26,   8.96
1221000000,  54.26,   9.05
1222000000,  54.27,   8.98
1223000000,  54.27,   8.91
1224000000,  54.27,   8.87
1225000000,  54.29,   8.97
1226000000,  54.30,   8.91
1227000000,  54.30,   9.07
1228000000,  54.30,   8.91
1229000000,  54.31,   9.07
1230000000,  54.33,   9.00
1231000000,  54.33,   8.91
1232000000,  54.34,   8.79
1233000000,  54.35,   9.00
1234000000,  54.36,   8.85
1235000000,  54.37,   8.78
1236000000,  54.39,   8.83
1237000000,  54.40,   8.72
1238000000,  54.41,   8.81
1239000000,  54.42,   8.75
1240000000,  54.44,   8.85
1241000000,  54.45,   8.84
1242000000,  54.46,   8.80
1243000000,  54.48,   8.77
1244000000,  54.48,   8.95
1245000000,  54.50,   8.69
1246000000,  54.52,   8.77
1247000000,  54.53,   8.50
1248000000,  54.55,   8.62
1249000000,  54.58,   8.64
1250000000,  54.58,   8.59
1251000000,  54.60,   8.59
1252000000,  54.61,   8.63
1253000000,  54.63,   8.48
1254000000,  54.64,   8.65
1255000000,  54.66,   8.51
1256000000,  54.68,   8.34
1257000000,  54.69,   8.53
1258000000,  54.70,   8.35
1259000000,  54.72,   8.47
1260000000,  54.74,   8.31
1261000000,  54.76,   8.35
1262000000,  54.77,   8.19
1263000000,  54.78,   8.28
1264000000,  54.80,   8.22
1265000000,  54.82,   8.25
1266000000,  54.84,   8.19
1267000000,  54.85,   8.04
1268000000,  54.87,   8.18
1269000000,  54.89,   8.18
1270000000,  54.89,   7.97
1271000000,  54.92,   7.90
1272000000,  54.93,   8.09
1273000000,  54.94,   7.98
1274000000,  54.96,   8.08
1275000000,  54.98,   8.03
1276000000,  54.99,   8.00
1277000000,  54.99,   7.75
1278000000,  55.01,   7.95
1279000000,  55.02,   7.88
1280000000,  55.02,   7.82
1281000000,  55.04,   7.83
1282000000,  55.05,   7.93
1283000000,  55.05,   7.78
1284000000,  55.06,   7.63
1285000000,  55.07,   7.84
1286000000,  55.07,   7.88
1287000000,  55.09,   7.78
1288000000,  55.10,   7.81
1289000000,  55.10,   7.78
1290000000,  55.10,   7.84
1291000000,  55.11,   7.85
1292000000,  55.11,   7.83
1293000000,  55.10,   7.69
1294000000,  55.12,   7.74
1295000000,  55.12,   7.75
1296000000,  55.12,   7.76
1297000000,  55.12,   7.71
1298000000,  55.12,   7.79
1299000000,  55.12,   7.55
1300000000,  55.13,   7.54
1301000000,  55.12,   7.72
1302000000,  55.12,   7.63
1303000000,  55.11,   7.71
1304000000,  55.11,   7.83
1305000000,  55.11,   7.71
1306000000,  55.09,   7.71
1307000000,  55.09,   7.79
1308000000,  55.09,   7.78
1309000000,  55.07,   7.74
1310000000,  55.09,   7.62
1311000000,  55.06,   7.66
1312000000,  55.07,   7.69
1313000000,  55.06,   7.78
1314000000,  55.05,   7.71
1315000000,  55.04,   7.71
1316000000,  55.04,   7.60
1317000000,  55.03,   7.79
1318000000,  55.02,   7.85
1319000000,  55.02,   7.79
1320000000,  55.01,   7.81
1321000000,  55.00,   7.73
1322000000,  54.99,   7.75
1323000000,  54.99,   7.88
1324000000,  54.98,   7.71
1325000000,  54.96,   7.65
1326000000,  54.95,   7.57
1327000000,  54.94,   7.85
1328000000,  54.94,   7.85
1329000000,  54.93,   7.78
1330000000,  54.91,   7.83
1331000000,  54.90,   7.92
1332000000,  54.89,   7.84
1333000000,  54.88,   7.89
1334000000,  54.86,   7.97
1335000000,  54.85,   7.98
1336000000,  54.84,   7.99
1337000000,  54.82,   7.98
1338000000,  54.81,   7.95
1339000000,  54.80,   7.99
1340000000,  54.79,   7.93
1341000000,  54.79,   8.03
1342000000,  54.78,   8.15
1343000000,  54.76,   8.14
1344000000,  54.75,   8.12
1345000000,  54.75,   8.27
1346000000,  54.75,   8.17
1347000000,  54.74,   8.30
1348000000,  54.73,   8.11
1349000000,  54.74,   8.15
1350000000,  54.73,   8.32
1351000000,  54.74,   8.20
1352000000,  54.74,   8.23
1353000000,  54.74,   8.37
1354000000,  54.73,   8.13
1355000000,  54.73,   8.12
1356000000,  54.73,   8.11
1357000000,  54.73,   8.41
1358000000,  54.71,   8.32
1359000000,  54.70,   8.27
1360000000,  54.70,   8.36
1361000000,  54.71,   8.24
1362000000,  54.69,   8.26
1363000000,  54.70,   8.34
1364000000,  54.69,   8.30
1365000000,  54.69,   8.32
1366000000,  54.69,   8.22
1367000000,  54.69,   8.36
1368000000,  54.68,   8.33
1369000000,  54.68,   8.21
1370000000,  54.68,   8.39
1371000000,  54.68,   8.38
1372000000,  54.68,   8.23
1373000000,  54.67,   8.26
1374000000,  54.67,   8.40
1375000000,  54.68,   8.31
1376000000,  54.66,   8.47
1377000000,  54.67,   8.55
1378000000,  54.67,   8.52
1379000000,  54.66,   8.54
1380000000,  54.66,   8.54
1381000000,  54.67,   8.49
1382000000,  54.66,   8.52
1383000000,  54.66,   8.52
1384000000,  54.66,   8.55
1385000000,  54.66,   8.58
1386000000,  54.66,   8.66
1387000000,  54.65,   8.60
1388000000,  54.66,   8.63
1389000000,  54.67,   8.70
1390000000,  54.65,   8.58
1391000000,  54.67,   8.71
1392000000,  54.66,   8.73
1393000000,  54.65,   8.77
1394000000,  54.66,   8.90
1395000000,  54.66,   8.87
1396000000,  54.65,   8.82
1397000000,  54.64,   9.12
1398000000,  54.63,   9.15
1399000000,  54.62,   9.09
1400000000,  54.62,   9.37
1401000000,  54.62,   9.33
1402000000,  54.60,   9.48
1403000000,  54.58,   9.65
1404000000,  54.58,   9.67
1405000000,  54.57,   9.83
1406000000,  54.55,   9.87
1407000000,  54.55,  10.09
1408000000,  54.56,  10.30
1409000000,  54.56,  10.17
1410000000,  54.56,  10.05
1411000000,  54.57,   9.94
1412000000,  54.59,  10.02
1413000000,  54.59,   9.75
1414000000,  54.61,   9.78
1415000000,  54.62,   9.35
1416000000,  54.63,   9.44
1417000000,  54.63,   9.39
1418000000,  54.63,   9.24
1419000000,  54.64,   9.16
1420000000,  54.64,   9.01
1421000000,  54.64,   8.77
1422000000,  54.63,   8.83
1423000000,  54.64,   8.63
1424000000,  54.63,   8.64
1425000000,  54.63,   8.60
1426000000,  54.63,   8.57
1427000000,  54.61,   8.60
1428000000,  54.60,   8.62
1429000000,  54.59,   8.62
1430000000,  54.59,   8.58
1431000000,  54.58,   8.58
1432000000,  54.57,   8.74
1433000000,  54.56,   8.52
1434000000,  54.56,   8.85
1435000000,  54.54,   8.71
1436000000,  54.53,   8.79
1437000000,  54.52,   8.86
1438000000,  54.52,   8.96
1439000000,  54.50,   8.97
1440000000,  54.50,   9.13
1441000000,  54.49,   9.24
1442000000,  54.48,   9.25
1443000000,  54.47,   9.44
1444000000,  54.47,   9.59
1445000000,  54.46,   9.45
1446000000,  54.45,   9.55
1447000000,  54.44,   9.57
1448000000,  54.44,   9.64
1449000000,  54.44,   9.59
1450000000,  54.43,   9.49
1451000000,  54.42,   9.47
1452000000,  54.42,   9.62
1453000000,  54.40,   9.49
1454000000,  54.41,   9.30
1455000000,  54.40,   9.34
1456000000,  54.40,   9.25
1457000000,  54.39,   9.33
1458000000,  54.38,   9.25
1459000000,  54.37,   9.18
1460000000,  54.37,   9.24
1461000000,  54.37,   9.04
1462000000,  54.36,   9.14
1463000000,  54.35,   8.99
1464000000,  54.34,   9.14
1465000000,  54.33,   9.09
1466000000,  54.32,   9.12
1467000000,  54.32,   8.93
1468000000,  54.31,   9.08
1469000000,  54.30,   9.18
1470000000,  54.29,   9.06
1471000000,  54.28,   9.10
1472000000,  54.27,   9.27
1473000000,  54.27,   9.26
1474000000,  54.26,   9.24
1475000000,  54.24,   9.32
1476000000,  54.23,   9.34
1477000000,  54.23,   9.29
1478000000,  54.21,   9.16
1479000000,  54.21,   9.28
1480000000,  54.21,   9.18
1481000000,  54.20,   9.35
1482000000,  54.21,   9.22
1483000000,  54.21,   9.21
1484000000,  54.19,   9.24
1485000000,  54.19,   9.20
1486000000,  54.19,   9.25
1487000000,  54.18,   9.06
1488000000,  54.19,   9.17
1489000000,  54.17,   9.20
1490000000,  54.17,   9.16
1491000000,  54.17,   9.17
1492000000,  54.16,   9.16
1493000000,  54.17,   9.21
1494000000,  54.16,   9.02
1495000000,  54.16,   9.07
1496000000,  54.15,   8.99
1497000000,  54.15,   9.17
1498000000,  54.14,   9.12
1499000000,  54.15,   9.30
1500000000,  54.13,   9.15
1501000000,  54.13,   9.13
1502000000,  54.14,   9.17
1503000000,  54.13,   8.96
1504000000,  54.13,   9.02
1505000000,  54.13,   9.09
1506000000,  54.12,   9.08
1507000000,  54.13,   9.07
1508000000,  54.14,   9.14
1509000000,  54.12,   9.13
1510000000,  54.13,   9.07
1511000000,  54.13,   9.01
1512000000,  54.14,   8.91
1513000000,  54.14,   9.09
1514000000,  54.13,   8.99
1515000000,  54.13,   9.08
1516000000,  54.14,   9.21
1517000000,  54.14,   9.18
1518000000,  54.14,   9.16
1519000000,  54.14,   8.93
1520000000,  54.15,   8.82
1521000000,  54.14,   8.91
1522000000,  54.15,   8.98
1523000000,  54.15,   8.84
1524000000,  54.15,   8.95
1525000000,  54.15,   8.97
1526000000,  54.15,   8.90
1527000000,  54.16,   8.87
1528000000,  54.15,   8.80
1529000000,  54.16,   9.13
1530000000,  54.15,   9.01
1531000000,  54.16,   8.93
1532000000,  54.16,   9.03
1533000000,  54.15,   8.89
1534000000,  54.16,   8.91
1535000000,  54.16,   8.97
1536000000,  54.16,   8.89
1537000000,  54.16,   8.84
1538000000,  54.16,   8.88
1539000000,  54.16,   8.82
1540000000,  54.16,   8.76
1541000000,  54.17,   8.57
1542000000,  54.17,   8.71
1543000000,  54.16,   8.62
1544000000,  54.17,   8.81
1545000000,  54.16,   8.55
1546000000,  54.16,   8.66
1547000000,  54.16,   8.68
1548000000,  54.16,   8.66
1549000000,  54.15,   8.56
1550000000,  54.16,   8.55
1551000000,  54.15,   8.50
1552000000,  54.14,   8.53
1553000000,  54.14,   8.46
1554000000,  54.14,   8.53
1555000000,  54.14,   8.49
1556000000,  54.13,   8.45
1557000000,  54.13,   8.56
1558000000,  54.12,   8.63
1559000000,  54.12,   8.42
1560000000,  54.12,   8.53
1561000000,  54.11,   8.36
1562000000,  54.10,   8.47
1563000000,  54.09,   8.37
1564000000,  54.08,   8.41
1565000000,  54.08,   8.39
1566000000,  54.07,   8.39
1567000000,  54.05,   8.58
1568000000,  54.05,   8.24
1569000000,  54.06,   8.46
1570000000,  54.04,   8.39
1571000000,  54.02,   8.42
1572000000,  54.03,   8.67
1573000000,  54.02,   8.57
1574000000,  54.01,   8.58
1575000000,  53.99,   8.44
1576000000,  54.00,   8.46
1577000000,  53.98,   8.42
1578000000,  53.97,   8.56
1579000000,  53.97,   8.60
1580000000,  53.96,   8.59
1581000000,  53.95,   8.62
1582000000,  53.93,   8.58
1583000000,  53.92,   8.53
1584000000,  53.91,   8.54
1585000000,  53.90,   8.68
1586000000,  53.89,   8.62
1587000000,  53.88,   8.80
1588000000,  53.87,   8.59
1589000000,  53.85,   8.98
1590000000,  53.84,   8.76
1591000000,  53.84,   8.74
1592000000,  53.81,   8.79
1593000000,  53.80,   8.81
1594000000,  53.79,   8.80
1595000000,  53.78,   8.73
1596000000,  53.77,   8.99
1597000000,  53.75,   8.97
1598000000,  53.73,   9.07
1599000000,  53.71,   8.96
1600000000,  53.72,   9.01
1601000000,  53.69,   9.02
1602000000,  53.67,   8.91
1603000000,  53.66,   8.97
1604000000,  53.65,   9.13
1605000000,  53.63,   9.15
1606000000,  53.61,   8.88
1607000000,  53.60,   9.15
1608000000,  53.58,   9.28
1609000000,  53.57,   9.21
1610000000,  53.54,   9.35
1611000000,  53.54,   9.27
1612000000,  53.52,   9.52
1613000000,  53.49,   9.49
1614000000,  53.49,   9.39
1615000000,  53.47,   9.45
1616000000,  53.45,   9.45
1617000000,  53.44,   9.63
1618000000,  53.42,   9.51
1619000000,  53.42,   9.64
1620000000,  53.40,   9.56
1621000000,  53.38,   9.60
1622000000,  53.38,   9.71
1623000000,  53.37,   9.61
1624000000,  53.36,   9.79
1625000000,  53.35,   9.61
1626000000,  53.35,   9.73
1627000000,  53.34,   9.81
1628000000,  53.33,   9.84
1629000000,  53.32,   9.58
1630000000,  53.32,   9.81
1631000000,  53.32,   9.70
1632000000,  53.31,   9.81
1633000000,  53.32,   9.60
1634000000,  53.30,   9.70
1635000000,  53.30,   9.67
1636000000,  53.30,   9.72
1637000000,  53.30,   9.67
1638000000,  53.29,   9.76
1639000000,  53.30,   9.58
1640000000,  53.29,   9.55
1641000000,  53.30,   9.40
1642000000,  53.29,   9.57
1643000000,  53.29,   9.50
1644000000,  53.28,   9.40
1645000000,  53.27,   9.52
1646000000,  53.29,   9.29
1647000000,  53.28,   9.33
1648000000,  53.27,   9.32
1649000000,  53.28,   9.26
1650000000,  53.29,   9.22
1651000000,  53.29,   9.40
1652000000,  53.29,   9.09
1653000000,  53.29,   9.22
1654000000,  53.29,   9.24
1655000000,  53.29,   9.30
1656000000,  53.28,   9.08
1657000000,  53.28,   9.29
1658000000,  53.28,   9.15
1659000000,  53.29,   9.07
1660000000,  53.28,   9.35
1661000000,  53.28,   9.05
1662000000,  53.29,   9.16
1663000000,  53.30,   9.27
1664000000,  53.28,   9.33
1665000000,  53.30,   9.18
1666000000,  53.29,   9.34
1667000000,  53.30,   9.15
1668000000,  53.31,   9.15
1669000000,  53.30,   9.39
1670000000,  53.30,   9.34
