% f (Hz),G_rec (dB),T_e_rec (K)
  900000000,	56.12,	 7.22
  901000000,	56.11,	 7.34
  902000000,	56.09,	 7.34
  903000000,	56.09,	 7.21
  904000000,	56.07,	 7.15
  905000000,	56.06,	 7.21
  906000000,	56.05,	 7.32
  907000000,	56.04,	 7.11
  908000000,	56.02,	 7.37
  909000000,	56.01,	 7.32
  910000000,	55.99,	 7.36
  911000000,	55.98,	 7.17
  912000000,	55.98,	 7.10
  913000000,	55.96,	 7.12
  914000000,	55.95,	 7.31
  915000000,	55.93,	 7.30
  916000000,	55.92,	 7.22
  917000000,	55.91,	 7.14
  918000000,	55.90,	 7.26
  919000000,	55.89,	 7.01
  920000000,	55.88,	 7.11
  921000000,	55.87,	 7.23
  922000000,	55.85,	 7.16
  923000000,	55.84,	 7.07
  924000000,	55.83,	 7.24
  925000000,	55.82,	 7.23
  926000000,	55.81,	 7.28
  927000000,	55.79,	 7.09
  928000000,	55.77,	 7.13
  929000000,	55.76,	 7.23
  930000000,	55.74,	 7.21
  931000000,	55.73,	 7.19
  932000000,	55.71,	 7.37
  933000000,	55.70,	 7.40
  934000000,	55.68,	 7.25
  935000000,	55.67,	 7.21
  936000000,	55.66,	 7.32
  937000000,	55.65,	 7.27
  938000000,	55.64,	 7.33
  939000000,	55.62,	 7.33
  940000000,	55.61,	 7.29
  941000000,	55.59,	 7.21
  942000000,	55.58,	 7.41
  943000000,	55.56,	 7.28
  944000000,	55.54,	 7.30
  945000000,	55.52,	 7.40
  946000000,	55.50,	 7.21
  947000000,	55.49,	 7.28
  948000000,	55.47,	 7.54
  949000000,	55.45,	 7.35
  950000000,	55.44,	 7.49
  951000000,	55.42,	 7.58
  952000000,	55.40,	 7.35
  953000000,	55.38,	 7.53
  954000000,	55.36,	 7.45
  955000000,	55.34,	 7.62
  956000000,	55.32,	 7.60
  957000000,	55.30,	 7.40
  958000000,	55.27,	 7.43
  959000000,	55.25,	 7.51
  960000000,	55.23,	 7.64
  961000000,	55.21,	 7.46
  962000000,	55.19,	 7.63
  963000000,	55.17,	 7.65
  964000000,	55.15,	 7.57
  965000000,	55.12,	 7.71
  966000000,	55.10,	 7.51
  967000000,	55.08,	 7.64
  968000000,	55.07,	 7.64
  969000000,	55.04,	 7.51
  970000000,	55.02,	 7.57
  971000000,	55.01,	 7.44
  972000000,	54.99,	 7.74
  973000000,	54.98,	 7.67
  974000000,	54.96,	 7.75
  975000000,	54.95,	 7.67
  976000000,	54.94,	 7.74
  977000000,	54.92,	 7.97
  978000000,	54.91,	 7.77
  979000000,	54.90,	 7.81
  980000000,	54.88,	 7.83
  981000000,	54.87,	 7.78
  982000000,	54.87,	 7.72
  983000000,	54.85,	 7.81
  984000000,	54.85,	 7.99
  985000000,	54.84,	 7.93
  986000000,	54.83,	 7.81
  987000000,	54.83,	 8.04
  988000000,	54.82,	 7.90
  989000000,	54.82,	 7.82
  990000000,	54.81,	 8.02
  991000000,	54.81,	 7.89
  992000000,	54.80,	 8.00
  993000000,	54.80,	 8.10
  994000000,	54.80,	 8.10
  995000000,	54.80,	 8.01
  996000000,	54.80,	 8.16
  997000000,	54.81,	 8.04
  998000000,	54.81,	 8.09
  999000000,	54.81,	 7.98
 1000000000,	54.82,	 8.14
 1001000000,	54.82,	 8.12
 1002000000,	54.82,	 8.20
 1003000000,	54.83,	 8.22
 1004000000,	54.83,	 8.21
 1005000000,	54.84,	 8.11
 1006000000,	54.85,	 8.20
 1007000000,	54.85,	 8.10
 1008000000,	54.86,	 8.26
 1009000000,	54.87,	 8.18
 1010000000,	54.88,	 8.15
 1011000000,	54.88,	 8.46
 1012000000,	54.90,	 8.22
 1013000000,	54.90,	 8.44
 1014000000,	54.91,	 8.26
 1015000000,	54.93,	 8.27
 1016000000,	54.94,	 8.35
 1017000000,	54.95,	 8.49
 1018000000,	54.95,	 8.41
 1019000000,	54.96,	 8.34
 1020000000,	54.97,	 8.35
 1021000000,	54.99,	 8.43
 1022000000,	55.00,	 8.23
 1023000000,	55.01,	 8.32
 1024000000,	55.02,	 8.44
 1025000000,	55.03,	 8.26
 1026000000,	55.05,	 8.38
 1027000000,	55.05,	 8.45
 1028000000,	55.06,	 8.52
 1029000000,	55.08,	 8.49
 1030000000,	55.08,	 8.53
 1031000000,	55.09,	 8.53
 1032000000,	55.10,	 8.56
 1033000000,	55.11,	 8.62
 1034000000,	55.11,	 8.57
 1035000000,	55.12,	 8.47
 1036000000,	55.13,	 8.57
 1037000000,	55.13,	 8.68
 1038000000,	55.13,	 8.60
 1039000000,	55.14,	 8.55
 1040000000,	55.15,	 8.68
 1041000000,	55.14,	 8.67
 1042000000,	55.15,	 8.63
 1043000000,	55.15,	 8.72
 1044000000,	55.15,	 8.56
 1045000000,	55.16,	 8.68
 1046000000,	55.16,	 8.77
 1047000000,	55.15,	 8.71
 1048000000,	55.15,	 8.60
 1049000000,	55.15,	 8.53
 1050000000,	55.15,	 8.91
 1051000000,	55.15,	 8.87
 1052000000,	55.15,	 8.79
 1053000000,	55.15,	 8.73
 1054000000,	55.14,	 8.73
 1055000000,	55.14,	 8.77
 1056000000,	55.14,	 8.96
 1057000000,	55.14,	 8.86
 1058000000,	55.13,	 8.90
 1059000000,	55.13,	 8.85
 1060000000,	55.12,	 8.87
 1061000000,	55.12,	 8.87
 1062000000,	55.11,	 8.81
 1063000000,	55.10,	 8.96
 1064000000,	55.10,	 9.01
 1065000000,	55.09,	 8.93
 1066000000,	55.08,	 8.78
 1067000000,	55.08,	 8.88
 1068000000,	55.07,	 8.95
 1069000000,	55.06,	 8.95
 1070000000,	55.05,	 9.06
 1071000000,	55.04,	 8.80
 1072000000,	55.04,	 9.01
 1073000000,	55.03,	 9.18
 1074000000,	55.03,	 8.93
 1075000000,	55.02,	 8.99
 1076000000,	55.01,	 8.93
 1077000000,	55.00,	 9.10
 1078000000,	54.99,	 8.86
 1079000000,	54.99,	 9.25
 1080000000,	54.98,	 9.03
 1081000000,	54.98,	 9.01
 1082000000,	54.97,	 9.18
 1083000000,	54.97,	 9.23
 1084000000,	54.96,	 9.18
 1085000000,	54.95,	 9.16
 1086000000,	54.95,	 9.07
 1087000000,	54.94,	 9.07
 1088000000,	54.94,	 9.11
 1089000000,	54.93,	 9.01
 1090000000,	54.93,	 8.95
 1091000000,	54.92,	 9.03
 1092000000,	54.92,	 9.19
 1093000000,	54.92,	 9.12
 1094000000,	54.92,	 9.12
 1095000000,	54.92,	 9.23
 1096000000,	54.91,	 9.00
 1097000000,	54.92,	 9.23
 1098000000,	54.92,	 9.22
 1099000000,	54.92,	 9.08
 1100000000,	54.92,	 9.15
 1101000000,	54.92,	 9.26
 1102000000,	54.93,	 9.03
 1103000000,	54.93,	 9.04
 1104000000,	54.93,	 9.22
 1105000000,	54.93,	 9.20
 1106000000,	54.94,	 9.18
 1107000000,	54.95,	 9.14
 1108000000,	54.96,	 9.23
 1109000000,	54.96,	 9.17
 1110000000,	54.97,	 9.25
 1111000000,	54.97,	 9.37
 1112000000,	54.99,	 9.28
 1113000000,	54.99,	 9.25
 1114000000,	55.00,	 9.25
 1115000000,	55.01,	 9.10
 1116000000,	55.02,	 9.16
 1117000000,	55.02,	 9.17
 1118000000,	55.03,	 9.08
 1119000000,	55.03,	 9.12
 1120000000,	55.04,	 9.21
 1121000000,	55.05,	 9.03
 1122000000,	55.06,	 9.09
 1123000000,	55.07,	 9.20
 1124000000,	55.08,	 9.16
 1125000000,	55.10,	 9.02
 1126000000,	55.10,	 9.10
 1127000000,	55.11,	 9.19
 1128000000,	55.12,	 9.16
 1129000000,	55.13,	 8.94
 1130000000,	55.14,	 9.25
 1131000000,	55.15,	 9.07
 1132000000,	55.16,	 9.06
 1133000000,	55.17,	 9.09
 1134000000,	55.18,	 9.15
 1135000000,	55.19,	 9.06
 1136000000,	55.20,	 9.04
 1137000000,	55.20,	 9.12
 1138000000,	55.22,	 9.13
 1139000000,	55.22,	 9.12
 1140000000,	55.22,	 8.86
 1141000000,	55.23,	 9.08
 1142000000,	55.24,	 9.01
 1143000000,	55.25,	 8.99
 1144000000,	55.25,	 9.05
 1145000000,	55.26,	 8.96
 1146000000,	55.27,	 9.00
 1147000000,	55.27,	 9.15
 1148000000,	55.28,	 8.86
 1149000000,	55.28,	 9.04
 1150000000,	55.29,	 9.00
 1151000000,	55.28,	 9.02
 1152000000,	55.29,	 8.96
 1153000000,	55.29,	 9.01
 1154000000,	55.29,	 8.87
 1155000000,	55.29,	 9.01
 1156000000,	55.29,	 8.93
 1157000000,	55.29,	 9.11
 1158000000,	55.30,	 9.00
 1159000000,	55.29,	 9.05
 1160000000,	55.30,	 9.06
 1161000000,	55.30,	 9.09
 1162000000,	55.30,	 9.01
 1163000000,	55.29,	 8.95
 1164000000,	55.29,	 9.11
 1165000000,	55.29,	 8.87
 1166000000,	55.29,	 9.07
 1167000000,	55.28,	 9.06
 1168000000,	55.28,	 8.95
 1169000000,	55.28,	 8.91
 1170000000,	55.27,	 8.93
 1171000000,	55.26,	 8.96
 1172000000,	55.26,	 9.12
 1173000000,	55.26,	 8.89
 1174000000,	55.25,	 9.02
 1175000000,	55.24,	 9.08
 1176000000,	55.24,	 8.98
 1177000000,	55.23,	 9.09
 1178000000,	55.22,	 9.08
 1179000000,	55.22,	 9.02
 1180000000,	55.21,	 9.06
 1181000000,	55.20,	 9.13
 1182000000,	55.20,	 9.00
 1183000000,	55.19,	 9.12
 1184000000,	55.19,	 9.06
 1185000000,	55.18,	 9.14
 1186000000,	55.17,	 9.10
 1187000000,	55.17,	 9.02
 1188000000,	55.17,	 9.23
 1189000000,	55.17,	 9.20
 1190000000,	55.16,	 9.20
 1191000000,	55.16,	 9.10
 1192000000,	55.15,	 9.08
 1193000000,	55.15,	 9.15
 1194000000,	55.14,	 9.11
 1195000000,	55.14,	 9.15
 1196000000,	55.13,	 9.18
 1197000000,	55.12,	 9.27
 1198000000,	55.11,	 9.40
 1199000000,	55.11,	 9.24
 1200000000,	55.11,	 9.10
 1201000000,	55.10,	 9.26
 1202000000,	55.10,	 9.28
 1203000000,	55.10,	 9.20
 1204000000,	55.10,	 9.27
 1205000000,	55.10,	 9.18
 1206000000,	55.10,	 9.24
 1207000000,	55.10,	 9.20
 1208000000,	55.10,	 9.34
 1209000000,	55.10,	 9.17
 1210000000,	55.10,	 9.25
 1211000000,	55.11,	 9.30
 1212000000,	55.11,	 9.24
 1213000000,	55.11,	 9.33
 1214000000,	55.12,	 9.29
 1215000000,	55.12,	 9.13
 1216000000,	55.13,	 9.10
 1217000000,	55.13,	 9.28
 1218000000,	55.14,	 9.36
 1219000000,	55.15,	 9.30
 1220000000,	55.16,	 9.27
 1221000000,	55.17,	 9.32
 1222000000,	55.18,	 9.22
 1223000000,	55.19,	 9.21
 1224000000,	55.20,	 9.16
 1225000000,	55.22,	 9.18
 1226000000,	55.23,	 9.15
 1227000000,	55.24,	 9.24
 1228000000,	55.25,	 9.04
 1229000000,	55.27,	 9.20
 1230000000,	55.28,	 9.19
 1231000000,	55.29,	 9.17
 1232000000,	55.29,	 9.24
 1233000000,	55.30,	 9.11
 1234000000,	55.31,	 9.17
 1235000000,	55.32,	 9.21
 1236000000,	55.33,	 9.19
 1237000000,	55.34,	 9.04
 1238000000,	55.36,	 9.03
 1239000000,	55.36,	 9.15
 1240000000,	55.37,	 9.16
 1241000000,	55.38,	 8.99
 1242000000,	55.40,	 9.10
 1243000000,	55.41,	 9.00
 1244000000,	55.42,	 9.08
 1245000000,	55.42,	 9.04
 1246000000,	55.44,	 9.00
 1247000000,	55.44,	 9.08
 1248000000,	55.45,	 9.03
 1249000000,	55.46,	 9.13
 1250000000,	55.47,	 8.94
 1251000000,	55.48,	 9.19
 1252000000,	55.49,	 9.09
 1253000000,	55.49,	 8.90
 1254000000,	55.51,	 8.95
 1255000000,	55.51,	 8.96
 1256000000,	55.52,	 9.06
 1257000000,	55.52,	 8.96
 1258000000,	55.54,	 9.04
 1259000000,	55.54,	 8.92
 1260000000,	55.55,	 8.94
 1261000000,	55.56,	 8.79
 1262000000,	55.56,	 8.94
 1263000000,	55.57,	 8.96
 1264000000,	55.57,	 8.96
 1265000000,	55.58,	 8.89
 1266000000,	55.58,	 8.90
 1267000000,	55.58,	 8.85
 1268000000,	55.59,	 8.93
 1269000000,	55.59,	 8.84
 1270000000,	55.60,	 8.98
 1271000000,	55.60,	 8.87
 1272000000,	55.60,	 8.84
 1273000000,	55.60,	 8.78
 1274000000,	55.60,	 8.86
 1275000000,	55.60,	 8.74
 1276000000,	55.60,	 8.87
 1277000000,	55.60,	 8.91
 1278000000,	55.60,	 8.79
 1279000000,	55.60,	 8.83
 1280000000,	55.60,	 8.97
 1281000000,	55.59,	 8.87
 1282000000,	55.59,	 9.02
 1283000000,	55.59,	 8.74
 1284000000,	55.58,	 8.92
 1285000000,	55.57,	 8.99
 1286000000,	55.57,	 8.84
 1287000000,	55.57,	 8.78
 1288000000,	55.56,	 8.83
 1289000000,	55.56,	 9.04
 1290000000,	55.55,	 8.78
 1291000000,	55.54,	 8.83
 1292000000,	55.53,	 8.84
 1293000000,	55.53,	 8.66
 1294000000,	55.52,	 8.98
 1295000000,	55.51,	 8.98
 1296000000,	55.50,	 8.85
 1297000000,	55.49,	 8.74
 1298000000,	55.48,	 8.90
 1299000000,	55.47,	 8.80
 1300000000,	55.46,	 8.82
 1301000000,	55.45,	 8.67
 1302000000,	55.44,	 8.88
 1303000000,	55.43,	 8.83
 1304000000,	55.42,	 8.80
 1305000000,	55.41,	 8.74
 1306000000,	55.40,	 8.70
 1307000000,	55.39,	 8.76
 1308000000,	55.38,	 8.90
 1309000000,	55.37,	 8.74
 1310000000,	55.36,	 8.77
 1311000000,	55.35,	 8.86
 1312000000,	55.34,	 8.93
 1313000000,	55.33,	 8.95
 1314000000,	55.32,	 8.70
 1315000000,	55.31,	 8.84
 1316000000,	55.29,	 8.81
 1317000000,	55.28,	 8.89
 1318000000,	55.27,	 8.70
 1319000000,	55.26,	 8.90
 1320000000,	55.25,	 8.87
 1321000000,	55.24,	 8.81
 1322000000,	55.23,	 8.83
 1323000000,	55.22,	 8.90
 1324000000,	55.21,	 8.84
 1325000000,	55.20,	 8.95
 1326000000,	55.20,	 8.83
 1327000000,	55.19,	 8.95
 1328000000,	55.18,	 8.84
 1329000000,	55.18,	 8.85
 1330000000,	55.17,	 9.05
 1331000000,	55.17,	 8.85
 1332000000,	55.16,	 8.95
 1333000000,	55.15,	 9.04
 1334000000,	55.15,	 8.88
 1335000000,	55.15,	 8.81
 1336000000,	55.14,	 8.80
 1337000000,	55.14,	 8.82
 1338000000,	55.13,	 8.81
 1339000000,	55.13,	 8.92
 1340000000,	55.13,	 8.78
 1341000000,	55.12,	 8.65
 1342000000,	55.12,	 8.71
 1343000000,	55.12,	 8.86
 1344000000,	55.11,	 8.92
 1345000000,	55.11,	 8.87
 1346000000,	55.11,	 8.83
 1347000000,	55.10,	 8.89
 1348000000,	55.11,	 8.82
 1349000000,	55.11,	 8.88
 1350000000,	55.11,	 8.96
 1351000000,	55.11,	 8.89
 1352000000,	55.11,	 8.92
 1353000000,	55.11,	 8.70
 1354000000,	55.12,	 8.81
 1355000000,	55.12,	 8.79
 1356000000,	55.12,	 8.88
 1357000000,	55.13,	 8.94
 1358000000,	55.13,	 9.00
 1359000000,	55.14,	 8.83
 1360000000,	55.14,	 8.86
 1361000000,	55.14,	 8.87
 1362000000,	55.15,	 8.78
 1363000000,	55.16,	 9.02
 1364000000,	55.16,	 8.97
 1365000000,	55.16,	 8.84
 1366000000,	55.18,	 8.95
 1367000000,	55.18,	 8.78
 1368000000,	55.19,	 9.08
 1369000000,	55.20,	 8.85
 1370000000,	55.21,	 8.94
 1371000000,	55.21,	 8.87
 1372000000,	55.23,	 8.97
 1373000000,	55.23,	 9.04
 1374000000,	55.24,	 8.90
 1375000000,	55.25,	 9.01
 1376000000,	55.25,	 8.88
 1377000000,	55.26,	 8.99
 1378000000,	55.27,	 9.09
 1379000000,	55.28,	 9.05
 1380000000,	55.29,	 9.06
 1381000000,	55.29,	 9.11
 1382000000,	55.30,	 8.95
 1383000000,	55.30,	 9.00
 1384000000,	55.31,	 9.02
 1385000000,	55.32,	 8.96
 1386000000,	55.32,	 9.05
 1387000000,	55.33,	 9.14
 1388000000,	55.34,	 9.03
 1389000000,	55.35,	 8.95
 1390000000,	55.35,	 9.00
 1391000000,	55.36,	 9.08
 1392000000,	55.37,	 9.03
 1393000000,	55.37,	 8.86
 1394000000,	55.38,	 8.98
 1395000000,	55.38,	 8.93
 1396000000,	55.38,	 8.83
 1397000000,	55.38,	 8.97
 1398000000,	55.37,	 8.87
 1399000000,	55.36,	 8.77
 1400000000,	55.36,	 8.73
 1401000000,	55.35,	 8.91
 1402000000,	55.35,	 8.91
 1403000000,	55.34,	 8.70
 1404000000,	55.34,	 8.82
 1405000000,	55.34,	 9.00
 1406000000,	55.33,	 8.81
 1407000000,	55.32,	 8.74
 1408000000,	55.32,	 8.71
 1409000000,	55.31,	 8.69
 1410000000,	55.30,	 8.76
 1411000000,	55.29,	 8.90
 1412000000,	55.28,	 8.71
 1413000000,	55.27,	 8.85
 1414000000,	55.26,	 8.67
 1415000000,	55.26,	 8.89
 1416000000,	55.25,	 8.59
 1417000000,	55.25,	 8.84
 1418000000,	55.25,	 8.80
 1419000000,	55.25,	 8.70
 1420000000,	55.25,	 8.94
 1421000000,	55.24,	 8.73
 1422000000,	55.23,	 8.98
 1423000000,	55.23,	 8.85
 1424000000,	55.22,	 8.94
 1425000000,	55.21,	 8.86
 1426000000,	55.21,	 8.82
 1427000000,	55.20,	 8.88
 1428000000,	55.20,	 8.84
 1429000000,	55.19,	 9.02
 1430000000,	55.18,	 9.05
 1431000000,	55.16,	 8.94
 1432000000,	55.16,	 9.19
 1433000000,	55.14,	 9.22
 1434000000,	55.13,	 9.03
 1435000000,	55.12,	 9.23
 1436000000,	55.10,	 9.17
 1437000000,	55.09,	 9.26
 1438000000,	55.07,	 9.35
 1439000000,	55.06,	 9.54
 1440000000,	55.05,	 9.49
 1441000000,	55.05,	 9.70
 1442000000,	55.04,	 9.45
 1443000000,	55.03,	 9.58
 1444000000,	55.02,	 9.51
 1445000000,	55.02,	 9.74
 1446000000,	55.02,	 9.61
 1447000000,	55.01,	 9.72
 1448000000,	55.01,	 9.67
 1449000000,	55.00,	 9.57
 1450000000,	55.00,	 9.71
 1451000000,	54.99,	 9.52
 1452000000,	54.98,	 9.51
 1453000000,	54.98,	 9.65
 1454000000,	54.96,	 9.59
 1455000000,	54.95,	 9.55
 1456000000,	54.95,	 9.54
 1457000000,	54.94,	 9.42
 1458000000,	54.93,	 9.59
 1459000000,	54.92,	 9.39
 1460000000,	54.91,	 9.48
 1461000000,	54.90,	 9.50
 1462000000,	54.89,	 9.44
 1463000000,	54.88,	 9.47
 1464000000,	54.87,	 9.43
 1465000000,	54.86,	 9.53
 1466000000,	54.85,	 9.43
 1467000000,	54.84,	 9.38
 1468000000,	54.84,	 9.53
 1469000000,	54.83,	 9.45
 1470000000,	54.82,	 9.34
 1471000000,	54.81,	 9.52
 1472000000,	54.80,	 9.46
 1473000000,	54.79,	 9.38
 1474000000,	54.79,	 9.38
 1475000000,	54.78,	 9.26
 1476000000,	54.78,	 9.45
 1477000000,	54.77,	 9.33
 1478000000,	54.77,	 9.44
 1479000000,	54.76,	 9.39
 1480000000,	54.76,	 9.43
 1481000000,	54.76,	 9.51
 1482000000,	54.75,	 9.36
 1483000000,	54.75,	 9.35
 1484000000,	54.75,	 9.58
 1485000000,	54.75,	 9.34
 1486000000,	54.75,	 9.32
 1487000000,	54.75,	 9.43
 1488000000,	54.75,	 9.34
 1489000000,	54.75,	 9.49
 1490000000,	54.76,	 9.33
 1491000000,	54.76,	 9.56
 1492000000,	54.77,	 9.17
 1493000000,	54.77,	 9.50
 1494000000,	54.78,	 9.25
 1495000000,	54.79,	 9.45
 1496000000,	54.80,	 9.25
 1497000000,	54.81,	 9.31
 1498000000,	54.81,	 9.42
 1499000000,	54.82,	 9.36
 1500000000,	54.83,	 9.46
 1501000000,	54.83,	 9.27
 1502000000,	54.84,	 9.37
 1503000000,	54.85,	 9.32
 1504000000,	54.85,	 9.28
 1505000000,	54.86,	 9.30
 1506000000,	54.87,	 9.27
 1507000000,	54.87,	 9.41
 1508000000,	54.87,	 9.25
 1509000000,	54.88,	 9.27
 1510000000,	54.89,	 9.40
 1511000000,	54.89,	 9.22
 1512000000,	54.89,	 9.38
 1513000000,	54.90,	 9.25
 1514000000,	54.90,	 9.25
 1515000000,	54.90,	 9.17
 1516000000,	54.90,	 9.26
 1517000000,	54.91,	 9.18
 1518000000,	54.91,	 9.04
 1519000000,	54.92,	 9.19
 1520000000,	54.92,	 9.03
 1521000000,	54.92,	 9.26
 1522000000,	54.93,	 9.23
 1523000000,	54.93,	 9.26
 1524000000,	54.93,	 9.08
 1525000000,	54.93,	 9.19
 1526000000,	54.93,	 9.24
 1527000000,	54.94,	 9.26
 1528000000,	54.94,	 9.27
 1529000000,	54.94,	 9.12
 1530000000,	54.94,	 9.22
 1531000000,	54.94,	 9.23
 1532000000,	54.94,	 9.16
 1533000000,	54.94,	 9.10
 1534000000,	54.94,	 8.91
 1535000000,	54.94,	 9.04
 1536000000,	54.94,	 8.98
 1537000000,	54.94,	 9.13
 1538000000,	54.93,	 9.01
 1539000000,	54.93,	 9.19
 1540000000,	54.93,	 9.06
 1541000000,	54.93,	 9.20
 1542000000,	54.92,	 9.05
 1543000000,	54.91,	 8.93
 1544000000,	54.91,	 9.15
 1545000000,	54.91,	 8.78
 1546000000,	54.90,	 8.98
 1547000000,	54.90,	 8.93
 1548000000,	54.89,	 8.97
 1549000000,	54.89,	 8.96
 1550000000,	54.88,	 9.16
 1551000000,	54.88,	 9.13
 1552000000,	54.86,	 9.00
 1553000000,	54.86,	 9.00
 1554000000,	54.86,	 8.97
 1555000000,	54.85,	 8.81
 1556000000,	54.84,	 8.71
 1557000000,	54.83,	 8.81
 1558000000,	54.82,	 8.90
 1559000000,	54.82,	 8.85
 1560000000,	54.81,	 8.90
 1561000000,	54.80,	 8.92
 1562000000,	54.79,	 8.88
 1563000000,	54.79,	 9.00
 1564000000,	54.78,	 9.02
 1565000000,	54.77,	 8.91
 1566000000,	54.75,	 8.89
 1567000000,	54.75,	 8.92
 1568000000,	54.74,	 8.99
 1569000000,	54.72,	 8.79
 1570000000,	54.71,	 8.92
 1571000000,	54.70,	 8.86
 1572000000,	54.69,	 8.90
 1573000000,	54.67,	 9.01
 1574000000,	54.66,	 8.97
 1575000000,	54.65,	 8.98
 1576000000,	54.64,	 8.95
 1577000000,	54.63,	 9.02
 1578000000,	54.62,	 9.02
 1579000000,	54.61,	 9.09
 1580000000,	54.59,	 9.13
 1581000000,	54.58,	 9.21
 1582000000,	54.57,	 9.04
 1583000000,	54.56,	 8.95
 1584000000,	54.55,	 9.17
 1585000000,	54.54,	 9.07
 1586000000,	54.53,	 9.17
 1587000000,	54.51,	 9.09
 1588000000,	54.50,	 9.17
 1589000000,	54.49,	 9.30
 1590000000,	54.48,	 9.38
 1591000000,	54.47,	 9.18
 1592000000,	54.46,	 9.16
 1593000000,	54.45,	 9.29
 1594000000,	54.44,	 9.26
 1595000000,	54.43,	 9.19
 1596000000,	54.41,	 9.38
 1597000000,	54.40,	 9.22
 1598000000,	54.39,	 9.31
 1599000000,	54.37,	 9.19
 1600000000,	54.36,	 9.27
 1601000000,	54.35,	 9.30
 1602000000,	54.34,	 9.37
 1603000000,	54.33,	 9.48
 1604000000,	54.31,	 9.35
 1605000000,	54.30,	 9.27
 1606000000,	54.29,	 9.39
 1607000000,	54.28,	 9.36
 1608000000,	54.27,	 9.54
 1609000000,	54.26,	 9.36
 1610000000,	54.25,	 9.58
 1611000000,	54.23,	 9.36
 1612000000,	54.22,	 9.45
 1613000000,	54.21,	 9.48
 1614000000,	54.20,	 9.48
 1615000000,	54.19,	 9.42
 1616000000,	54.18,	 9.51
 1617000000,	54.17,	 9.64
 1618000000,	54.15,	 9.64
 1619000000,	54.14,	 9.48
 1620000000,	54.13,	 9.49
 1621000000,	54.12,	 9.52
 1622000000,	54.10,	 9.59
 1623000000,	54.09,	 9.66
 1624000000,	54.07,	 9.72
 1625000000,	54.06,	 9.57
 1626000000,	54.05,	 9.62
 1627000000,	54.04,	 9.71
 1628000000,	54.03,	 9.58
 1629000000,	54.02,	 9.49
 1630000000,	54.01,	 9.61
 1631000000,	54.00,	 9.61
 1632000000,	53.99,	 9.72
 1633000000,	53.97,	 9.65
 1634000000,	53.96,	 9.62
 1635000000,	53.95,	 9.51
 1636000000,	53.94,	 9.56
 1637000000,	53.93,	 9.66
 1638000000,	53.92,	 9.78
 1639000000,	53.91,	 9.69
 1640000000,	53.91,	 9.51
 1641000000,	53.90,	 9.58
 1642000000,	53.89,	 9.49
 1643000000,	53.89,	 9.52
 1644000000,	53.88,	 9.61
 1645000000,	53.87,	 9.62
 1646000000,	53.87,	 9.65
 1647000000,	53.86,	 9.57
 1648000000,	53.85,	 9.68
 1649000000,	53.84,	 9.85
 1650000000,	53.83,	 9.63
 1651000000,	53.82,	 9.68
 1652000000,	53.81,	 9.68
 1653000000,	53.79,	 9.53
 1654000000,	53.78,	 9.79
 1655000000,	53.77,	 9.59
 1656000000,	53.76,	 9.76
 1657000000,	53.75,	 9.84
 1658000000,	53.74,	 9.59
 1659000000,	53.73,	 9.92
 1660000000,	53.72,	 9.80
 1661000000,	53.71,	 9.83
 1662000000,	53.70,	 9.58
 1663000000,	53.70,	 9.58
 1664000000,	53.69,	 9.70
 1665000000,	53.68,	 9.93
 1666000000,	53.68,	 9.74
 1667000000,	53.67,	 9.93
 1668000000,	53.66,	 9.82
 1669000000,	53.66,	 9.93
 1670000000,	53.65,	10.11
