% f (Hz),G_rec (dB),T_e_rec (K)
  900000000,	56.84,	6.29
  901000000,	56.83,	6.18
  902000000,	56.81,	6.27
  903000000,	56.80,	6.29
  904000000,	56.78,	6.43
  905000000,	56.77,	6.17
  906000000,	56.75,	6.16
  907000000,	56.75,	6.23
  908000000,	56.74,	6.31
  909000000,	56.74,	6.21
  910000000,	56.74,	6.27
  911000000,	56.73,	6.10
  912000000,	56.74,	6.22
  913000000,	56.75,	6.19
  914000000,	56.76,	6.24
  915000000,	56.76,	6.31
  916000000,	56.76,	6.28
  917000000,	56.77,	6.05
  918000000,	56.77,	6.10
  919000000,	56.77,	6.12
  920000000,	56.77,	6.03
  921000000,	56.77,	6.19
  922000000,	56.76,	6.05
  923000000,	56.76,	6.02
  924000000,	56.76,	6.18
  925000000,	56.75,	5.97
  926000000,	56.75,	6.01
  927000000,	56.73,	6.15
  928000000,	56.73,	6.16
  929000000,	56.72,	6.09
  930000000,	56.72,	6.15
  931000000,	56.71,	6.06
  932000000,	56.70,	6.12
  933000000,	56.70,	6.01
  934000000,	56.68,	5.99
  935000000,	56.68,	6.19
  936000000,	56.67,	6.09
  937000000,	56.66,	6.04
  938000000,	56.65,	6.02
  939000000,	56.64,	6.11
  940000000,	56.63,	6.03
  941000000,	56.62,	6.05
  942000000,	56.61,	6.11
  943000000,	56.59,	6.15
  944000000,	56.57,	5.98
  945000000,	56.56,	6.17
  946000000,	56.54,	6.15
  947000000,	56.53,	6.17
  948000000,	56.51,	6.20
  949000000,	56.50,	6.05
  950000000,	56.48,	6.12
  951000000,	56.46,	6.01
  952000000,	56.44,	6.10
  953000000,	56.42,	6.11
  954000000,	56.41,	6.07
  955000000,	56.39,	6.15
  956000000,	56.37,	5.98
  957000000,	56.35,	6.10
  958000000,	56.33,	6.00
  959000000,	56.31,	6.03
  960000000,	56.30,	6.03
  961000000,	56.28,	6.03
  962000000,	56.26,	6.21
  963000000,	56.24,	6.09
  964000000,	56.22,	6.05
  965000000,	56.21,	6.02
  966000000,	56.19,	6.06
  967000000,	56.18,	6.22
  968000000,	56.16,	6.17
  969000000,	56.15,	6.09
  970000000,	56.14,	6.08
  971000000,	56.12,	6.19
  972000000,	56.11,	6.17
  973000000,	56.09,	6.16
  974000000,	56.08,	6.14
  975000000,	56.07,	6.12
  976000000,	56.06,	6.17
  977000000,	56.05,	6.10
  978000000,	56.04,	6.14
  979000000,	56.04,	6.29
  980000000,	56.04,	6.18
  981000000,	56.03,	6.18
  982000000,	56.02,	6.27
  983000000,	56.02,	6.23
  984000000,	56.01,	6.19
  985000000,	56.01,	6.29
  986000000,	56.01,	6.10
  987000000,	56.01,	6.22
  988000000,	56.01,	6.39
  989000000,	56.01,	6.28
  990000000,	56.01,	6.19
  991000000,	56.02,	6.22
  992000000,	56.02,	6.24
  993000000,	56.03,	6.48
  994000000,	56.03,	6.32
  995000000,	56.04,	6.34
  996000000,	56.05,	6.39
  997000000,	56.05,	6.32
  998000000,	56.06,	6.28
  999000000,	56.07,	6.44
 1000000000,	56.08,	6.33
 1001000000,	56.09,	6.31
 1002000000,	56.11,	6.41
 1003000000,	56.11,	6.49
 1004000000,	56.13,	6.54
 1005000000,	56.14,	6.52
 1006000000,	56.16,	6.49
 1007000000,	56.17,	6.44
 1008000000,	56.18,	6.43
 1009000000,	56.20,	6.44
 1010000000,	56.20,	6.51
 1011000000,	56.22,	6.51
 1012000000,	56.24,	6.51
 1013000000,	56.25,	6.45
 1014000000,	56.27,	6.42
 1015000000,	56.28,	6.51
 1016000000,	56.29,	6.46
 1017000000,	56.31,	6.53
 1018000000,	56.33,	6.57
 1019000000,	56.34,	6.65
 1020000000,	56.35,	6.52
 1021000000,	56.37,	6.56
 1022000000,	56.38,	6.64
 1023000000,	56.40,	6.67
 1024000000,	56.41,	6.77
 1025000000,	56.43,	6.77
 1026000000,	56.44,	6.63
 1027000000,	56.46,	6.60
 1028000000,	56.48,	6.51
 1029000000,	56.48,	6.63
 1030000000,	56.50,	6.76
 1031000000,	56.50,	6.76
 1032000000,	56.52,	6.76
 1033000000,	56.52,	6.66
 1034000000,	56.53,	6.71
 1035000000,	56.54,	6.70
 1036000000,	56.55,	6.74
 1037000000,	56.55,	6.89
 1038000000,	56.56,	6.86
 1039000000,	56.56,	6.85
 1040000000,	56.57,	6.93
 1041000000,	56.57,	6.86
 1042000000,	56.58,	6.81
 1043000000,	56.59,	6.82
 1044000000,	56.59,	6.75
 1045000000,	56.59,	6.76
 1046000000,	56.60,	6.88
 1047000000,	56.60,	6.78
 1048000000,	56.60,	6.83
 1049000000,	56.60,	7.00
 1050000000,	56.60,	6.85
 1051000000,	56.60,	6.91
 1052000000,	56.60,	6.84
 1053000000,	56.60,	7.01
 1054000000,	56.60,	6.83
 1055000000,	56.60,	6.87
 1056000000,	56.59,	6.87
 1057000000,	56.59,	6.93
 1058000000,	56.58,	6.96
 1059000000,	56.58,	6.98
 1060000000,	56.57,	6.91
 1061000000,	56.56,	6.99
 1062000000,	56.55,	6.76
 1063000000,	56.54,	6.95
 1064000000,	56.54,	6.93
 1065000000,	56.52,	6.96
 1066000000,	56.52,	7.01
 1067000000,	56.52,	6.99
 1068000000,	56.51,	7.02
 1069000000,	56.51,	6.95
 1070000000,	56.50,	7.21
 1071000000,	56.49,	7.09
 1072000000,	56.48,	7.24
 1073000000,	56.48,	6.88
 1074000000,	56.48,	6.91
 1075000000,	56.47,	7.02
 1076000000,	56.47,	6.94
 1077000000,	56.47,	7.09
 1078000000,	56.46,	6.99
 1079000000,	56.46,	7.06
 1080000000,	56.46,	6.94
 1081000000,	56.46,	7.02
 1082000000,	56.45,	7.01
 1083000000,	56.45,	7.06
 1084000000,	56.44,	6.90
 1085000000,	56.44,	7.05
 1086000000,	56.44,	7.04
 1087000000,	56.45,	7.15
 1088000000,	56.45,	6.93
 1089000000,	56.45,	7.18
 1090000000,	56.45,	7.01
 1091000000,	56.45,	7.18
 1092000000,	56.45,	6.92
 1093000000,	56.45,	7.11
 1094000000,	56.46,	6.95
 1095000000,	56.46,	7.19
 1096000000,	56.47,	7.08
 1097000000,	56.48,	6.90
 1098000000,	56.48,	7.21
 1099000000,	56.48,	7.18
 1100000000,	56.49,	6.98
 1101000000,	56.50,	7.06
 1102000000,	56.50,	7.11
 1103000000,	56.51,	7.17
 1104000000,	56.51,	7.17
 1105000000,	56.52,	7.21
 1106000000,	56.53,	7.12
 1107000000,	56.54,	7.21
 1108000000,	56.55,	7.06
 1109000000,	56.56,	6.99
 1110000000,	56.57,	7.25
 1111000000,	56.58,	7.01
 1112000000,	56.59,	7.09
 1113000000,	56.60,	7.07
 1114000000,	56.61,	7.09
 1115000000,	56.62,	6.98
 1116000000,	56.63,	7.08
 1117000000,	56.64,	7.10
 1118000000,	56.65,	6.97
 1119000000,	56.66,	7.11
 1120000000,	56.67,	6.95
 1121000000,	56.68,	7.01
 1122000000,	56.69,	6.88
 1123000000,	56.70,	7.13
 1124000000,	56.71,	7.14
 1125000000,	56.72,	7.11
 1126000000,	56.74,	7.13
 1127000000,	56.75,	6.95
 1128000000,	56.75,	7.00
 1129000000,	56.77,	7.15
 1130000000,	56.78,	7.17
 1131000000,	56.79,	7.05
 1132000000,	56.80,	7.18
 1133000000,	56.81,	7.06
 1134000000,	56.82,	7.12
 1135000000,	56.84,	7.03
 1136000000,	56.84,	7.13
 1137000000,	56.85,	7.08
 1138000000,	56.86,	7.10
 1139000000,	56.87,	6.94
 1140000000,	56.88,	6.93
 1141000000,	56.89,	7.16
 1142000000,	56.90,	7.04
 1143000000,	56.90,	7.09
 1144000000,	56.91,	6.95
 1145000000,	56.92,	7.15
 1146000000,	56.93,	6.95
 1147000000,	56.93,	7.07
 1148000000,	56.94,	6.98
 1149000000,	56.94,	7.03
 1150000000,	56.95,	7.00
 1151000000,	56.95,	7.15
 1152000000,	56.95,	7.11
 1153000000,	56.95,	6.97
 1154000000,	56.96,	6.97
 1155000000,	56.95,	7.02
 1156000000,	56.96,	7.04
 1157000000,	56.96,	6.99
 1158000000,	56.96,	7.04
 1159000000,	56.96,	7.01
 1160000000,	56.96,	7.03
 1161000000,	56.96,	6.95
 1162000000,	56.96,	6.91
 1163000000,	56.96,	6.97
 1164000000,	56.96,	6.95
 1165000000,	56.95,	6.96
 1166000000,	56.95,	7.06
 1167000000,	56.95,	6.91
 1168000000,	56.95,	6.97
 1169000000,	56.94,	6.93
 1170000000,	56.94,	7.10
 1171000000,	56.93,	6.87
 1172000000,	56.93,	7.01
 1173000000,	56.92,	6.93
 1174000000,	56.92,	6.90
 1175000000,	56.91,	7.13
 1176000000,	56.91,	7.07
 1177000000,	56.90,	7.04
 1178000000,	56.90,	6.98
 1179000000,	56.89,	7.09
 1180000000,	56.89,	7.06
 1181000000,	56.88,	7.07
 1182000000,	56.88,	7.05
 1183000000,	56.88,	7.08
 1184000000,	56.87,	7.08
 1185000000,	56.87,	7.09
 1186000000,	56.87,	7.13
 1187000000,	56.86,	7.09
 1188000000,	56.86,	7.29
 1189000000,	56.86,	7.19
 1190000000,	56.86,	7.02
 1191000000,	56.85,	7.09
 1192000000,	56.85,	7.10
 1193000000,	56.85,	7.22
 1194000000,	56.84,	7.19
 1195000000,	56.84,	7.21
 1196000000,	56.84,	7.19
 1197000000,	56.84,	7.18
 1198000000,	56.84,	7.21
 1199000000,	56.84,	7.22
 1200000000,	56.84,	7.10
 1201000000,	56.84,	7.19
 1202000000,	56.84,	7.21
 1203000000,	56.84,	7.09
 1204000000,	56.84,	7.17
 1205000000,	56.85,	7.15
 1206000000,	56.85,	7.26
 1207000000,	56.85,	7.24
 1208000000,	56.85,	7.24
 1209000000,	56.86,	7.31
 1210000000,	56.86,	7.04
 1211000000,	56.87,	7.36
 1212000000,	56.88,	7.31
 1213000000,	56.88,	7.23
 1214000000,	56.89,	7.16
 1215000000,	56.90,	7.20
 1216000000,	56.90,	7.21
 1217000000,	56.91,	7.09
 1218000000,	56.92,	7.25
 1219000000,	56.93,	7.41
 1220000000,	56.94,	7.19
 1221000000,	56.95,	7.14
 1222000000,	56.95,	7.10
 1223000000,	56.96,	7.18
 1224000000,	56.97,	7.15
 1225000000,	56.98,	7.22
 1226000000,	56.99,	7.28
 1227000000,	57.00,	7.25
 1228000000,	57.01,	7.09
 1229000000,	57.03,	7.15
 1230000000,	57.04,	7.19
 1231000000,	57.05,	7.18
 1232000000,	57.06,	7.25
 1233000000,	57.08,	7.11
 1234000000,	57.09,	7.19
 1235000000,	57.11,	7.18
 1236000000,	57.13,	7.13
 1237000000,	57.14,	7.06
 1238000000,	57.16,	7.27
 1239000000,	57.17,	7.25
 1240000000,	57.19,	7.20
 1241000000,	57.20,	7.22
 1242000000,	57.22,	7.11
 1243000000,	57.23,	7.19
 1244000000,	57.24,	7.26
 1245000000,	57.26,	7.16
 1246000000,	57.27,	7.07
 1247000000,	57.29,	7.05
 1248000000,	57.30,	6.91
 1249000000,	57.32,	7.23
 1250000000,	57.33,	7.06
 1251000000,	57.35,	7.02
 1252000000,	57.35,	7.25
 1253000000,	57.37,	7.01
 1254000000,	57.38,	7.17
 1255000000,	57.40,	7.09
 1256000000,	57.41,	6.91
 1257000000,	57.42,	7.06
 1258000000,	57.44,	7.12
 1259000000,	57.45,	7.09
 1260000000,	57.46,	7.05
 1261000000,	57.47,	7.03
 1262000000,	57.48,	6.93
 1263000000,	57.49,	6.77
 1264000000,	57.51,	6.93
 1265000000,	57.52,	7.04
 1266000000,	57.52,	6.85
 1267000000,	57.54,	6.78
 1268000000,	57.55,	7.06
 1269000000,	57.55,	6.81
 1270000000,	57.56,	6.94
 1271000000,	57.56,	6.85
 1272000000,	57.57,	6.77
 1273000000,	57.58,	6.91
 1274000000,	57.58,	6.85
 1275000000,	57.59,	6.77
 1276000000,	57.60,	6.84
 1277000000,	57.60,	6.82
 1278000000,	57.60,	6.87
 1279000000,	57.60,	6.81
 1280000000,	57.61,	6.79
 1281000000,	57.61,	6.82
 1282000000,	57.61,	6.82
 1283000000,	57.61,	6.82
 1284000000,	57.61,	6.89
 1285000000,	57.61,	6.94
 1286000000,	57.61,	6.69
 1287000000,	57.61,	6.70
 1288000000,	57.61,	6.64
 1289000000,	57.60,	6.76
 1290000000,	57.60,	6.66
 1291000000,	57.60,	6.81
 1292000000,	57.59,	6.75
 1293000000,	57.59,	6.85
 1294000000,	57.59,	6.65
 1295000000,	57.58,	6.79
 1296000000,	57.58,	6.75
 1297000000,	57.57,	6.77
 1298000000,	57.57,	6.65
 1299000000,	57.56,	6.73
 1300000000,	57.55,	6.75
 1301000000,	57.54,	6.83
 1302000000,	57.54,	6.59
 1303000000,	57.53,	6.70
 1304000000,	57.53,	6.85
 1305000000,	57.53,	6.66
 1306000000,	57.52,	6.60
 1307000000,	57.51,	6.66
 1308000000,	57.50,	6.74
 1309000000,	57.50,	6.57
 1310000000,	57.49,	6.54
 1311000000,	57.48,	6.65
 1312000000,	57.48,	6.66
 1313000000,	57.47,	6.60
 1314000000,	57.46,	6.43
 1315000000,	57.46,	6.70
 1316000000,	57.45,	6.55
 1317000000,	57.45,	6.60
 1318000000,	57.44,	6.67
 1319000000,	57.43,	6.65
 1320000000,	57.43,	6.56
 1321000000,	57.42,	6.54
 1322000000,	57.42,	6.61
 1323000000,	57.41,	6.54
 1324000000,	57.41,	6.65
 1325000000,	57.40,	6.47
 1326000000,	57.40,	6.55
 1327000000,	57.40,	6.50
 1328000000,	57.40,	6.54
 1329000000,	57.39,	6.59
 1330000000,	57.39,	6.50
 1331000000,	57.39,	6.57
 1332000000,	57.38,	6.63
 1333000000,	57.38,	6.59
 1334000000,	57.38,	6.52
 1335000000,	57.38,	6.64
 1336000000,	57.38,	6.59
 1337000000,	57.38,	6.58
 1338000000,	57.38,	6.50
 1339000000,	57.37,	6.57
 1340000000,	57.38,	6.60
 1341000000,	57.38,	6.50
 1342000000,	57.38,	6.58
 1343000000,	57.38,	6.48
 1344000000,	57.38,	6.58
 1345000000,	57.38,	6.57
 1346000000,	57.39,	6.66
 1347000000,	57.39,	6.57
 1348000000,	57.40,	6.47
 1349000000,	57.40,	6.58
 1350000000,	57.40,	6.62
 1351000000,	57.41,	6.66
 1352000000,	57.42,	6.49
 1353000000,	57.42,	6.62
 1354000000,	57.43,	6.54
 1355000000,	57.44,	6.52
 1356000000,	57.44,	6.57
 1357000000,	57.45,	6.62
 1358000000,	57.46,	6.59
 1359000000,	57.47,	6.59
 1360000000,	57.47,	6.70
 1361000000,	57.48,	6.67
 1362000000,	57.49,	6.74
 1363000000,	57.50,	6.65
 1364000000,	57.50,	6.70
 1365000000,	57.51,	6.71
 1366000000,	57.52,	6.83
 1367000000,	57.53,	6.73
 1368000000,	57.53,	6.84
 1369000000,	57.54,	6.71
 1370000000,	57.55,	6.69
 1371000000,	57.56,	6.88
 1372000000,	57.57,	6.65
 1373000000,	57.57,	6.72
 1374000000,	57.58,	6.80
 1375000000,	57.59,	6.70
 1376000000,	57.60,	6.88
 1377000000,	57.61,	6.80
 1378000000,	57.62,	6.90
 1379000000,	57.63,	6.98
 1380000000,	57.65,	6.79
 1381000000,	57.66,	6.87
 1382000000,	57.67,	6.91
 1383000000,	57.68,	6.81
 1384000000,	57.69,	6.77
 1385000000,	57.69,	6.84
 1386000000,	57.70,	6.99
 1387000000,	57.71,	6.87
 1388000000,	57.72,	6.83
 1389000000,	57.73,	6.92
 1390000000,	57.74,	6.89
 1391000000,	57.74,	6.77
 1392000000,	57.75,	6.96
 1393000000,	57.76,	7.01
 1394000000,	57.76,	6.90
 1395000000,	57.77,	6.85
 1396000000,	57.77,	6.89
 1397000000,	57.77,	6.97
 1398000000,	57.78,	6.87
 1399000000,	57.78,	6.85
 1400000000,	57.78,	6.75
 1401000000,	57.79,	6.98
 1402000000,	57.79,	6.78
 1403000000,	57.79,	6.75
 1404000000,	57.79,	6.84
 1405000000,	57.79,	6.74
 1406000000,	57.79,	6.79
 1407000000,	57.78,	6.70
 1408000000,	57.78,	6.75
 1409000000,	57.78,	6.86
 1410000000,	57.77,	6.86
 1411000000,	57.77,	6.92
 1412000000,	57.77,	6.78
 1413000000,	57.77,	6.73
 1414000000,	57.77,	6.77
 1415000000,	57.77,	6.85
 1416000000,	57.77,	6.87
 1417000000,	57.77,	6.83
 1418000000,	57.77,	6.78
 1419000000,	57.76,	7.06
 1420000000,	57.75,	6.80
 1421000000,	57.75,	6.81
 1422000000,	57.74,	6.86
 1423000000,	57.73,	7.08
 1424000000,	57.72,	7.03
 1425000000,	57.70,	7.00
 1426000000,	57.69,	7.03
 1427000000,	57.68,	6.96
 1428000000,	57.66,	7.25
 1429000000,	57.65,	7.00
 1430000000,	57.63,	7.08
 1431000000,	57.62,	7.22
 1432000000,	57.60,	7.18
 1433000000,	57.59,	7.26
 1434000000,	57.58,	7.27
 1435000000,	57.57,	7.30
 1436000000,	57.55,	7.55
 1437000000,	57.54,	7.58
 1438000000,	57.53,	7.80
 1439000000,	57.52,	7.67
 1440000000,	57.51,	7.77
 1441000000,	57.51,	7.94
 1442000000,	57.50,	7.79
 1443000000,	57.50,	7.60
 1444000000,	57.49,	7.72
 1445000000,	57.48,	7.54
 1446000000,	57.48,	7.62
 1447000000,	57.47,	7.44
 1448000000,	57.47,	7.76
 1449000000,	57.46,	7.48
 1450000000,	57.45,	7.51
 1451000000,	57.44,	7.28
 1452000000,	57.44,	7.29
 1453000000,	57.43,	7.36
 1454000000,	57.41,	7.33
 1455000000,	57.40,	7.45
 1456000000,	57.40,	7.22
 1457000000,	57.39,	7.20
 1458000000,	57.38,	7.22
 1459000000,	57.37,	7.22
 1460000000,	57.36,	7.34
 1461000000,	57.35,	7.06
 1462000000,	57.34,	7.21
 1463000000,	57.33,	7.26
 1464000000,	57.32,	7.29
 1465000000,	57.32,	7.16
 1466000000,	57.31,	7.16
 1467000000,	57.30,	7.30
 1468000000,	57.30,	7.25
 1469000000,	57.29,	7.25
 1470000000,	57.28,	7.37
 1471000000,	57.28,	7.36
 1472000000,	57.27,	7.27
 1473000000,	57.26,	7.17
 1474000000,	57.26,	7.25
 1475000000,	57.25,	7.27
 1476000000,	57.24,	7.26
 1477000000,	57.24,	7.40
 1478000000,	57.23,	7.27
 1479000000,	57.23,	7.35
 1480000000,	57.23,	7.22
 1481000000,	57.23,	7.32
 1482000000,	57.23,	7.26
 1483000000,	57.23,	7.15
 1484000000,	57.23,	7.25
 1485000000,	57.23,	7.22
 1486000000,	57.23,	7.22
 1487000000,	57.24,	7.22
 1488000000,	57.24,	7.26
 1489000000,	57.24,	7.14
 1490000000,	57.24,	7.18
 1491000000,	57.25,	7.39
 1492000000,	57.25,	7.20
 1493000000,	57.26,	7.22
 1494000000,	57.26,	7.19
 1495000000,	57.27,	7.22
 1496000000,	57.27,	7.25
 1497000000,	57.28,	7.18
 1498000000,	57.29,	7.07
 1499000000,	57.29,	7.28
 1500000000,	57.30,	7.13
 1501000000,	57.31,	7.11
 1502000000,	57.31,	7.04
 1503000000,	57.32,	7.17
 1504000000,	57.32,	7.09
 1505000000,	57.33,	7.20
 1506000000,	57.33,	7.18
 1507000000,	57.35,	7.12
 1508000000,	57.35,	7.15
 1509000000,	57.36,	6.95
 1510000000,	57.37,	7.05
 1511000000,	57.38,	7.22
 1512000000,	57.39,	7.19
 1513000000,	57.39,	7.14
 1514000000,	57.40,	7.20
 1515000000,	57.41,	7.11
 1516000000,	57.42,	7.07
 1517000000,	57.43,	7.04
 1518000000,	57.43,	7.01
 1519000000,	57.44,	7.03
 1520000000,	57.45,	7.03
 1521000000,	57.46,	7.05
 1522000000,	57.47,	6.95
 1523000000,	57.48,	6.99
 1524000000,	57.49,	7.04
 1525000000,	57.49,	7.06
 1526000000,	57.50,	7.07
 1527000000,	57.51,	7.04
 1528000000,	57.51,	6.95
 1529000000,	57.52,	7.11
 1530000000,	57.52,	7.01
 1531000000,	57.53,	6.88
 1532000000,	57.54,	7.00
 1533000000,	57.54,	7.05
 1534000000,	57.55,	6.91
 1535000000,	57.55,	7.01
 1536000000,	57.56,	6.87
 1537000000,	57.56,	6.91
 1538000000,	57.57,	6.89
 1539000000,	57.57,	7.11
 1540000000,	57.58,	6.95
 1541000000,	57.58,	6.80
 1542000000,	57.58,	7.01
 1543000000,	57.58,	6.95
 1544000000,	57.59,	6.72
 1545000000,	57.59,	6.90
 1546000000,	57.59,	6.91
 1547000000,	57.59,	6.80
 1548000000,	57.59,	6.88
 1549000000,	57.59,	7.02
 1550000000,	57.59,	6.95
 1551000000,	57.59,	6.86
 1552000000,	57.58,	6.77
 1553000000,	57.58,	6.99
 1554000000,	57.59,	6.94
 1555000000,	57.58,	6.84
 1556000000,	57.58,	6.93
 1557000000,	57.57,	6.94
 1558000000,	57.57,	6.87
 1559000000,	57.56,	6.82
 1560000000,	57.56,	6.95
 1561000000,	57.55,	6.90
 1562000000,	57.55,	6.81
 1563000000,	57.54,	7.01
 1564000000,	57.54,	6.92
 1565000000,	57.53,	6.88
 1566000000,	57.52,	6.91
 1567000000,	57.51,	6.99
 1568000000,	57.51,	6.94
 1569000000,	57.50,	6.93
 1570000000,	57.49,	6.96
 1571000000,	57.48,	6.87
 1572000000,	57.47,	7.04
 1573000000,	57.46,	6.83
 1574000000,	57.45,	7.02
 1575000000,	57.44,	6.98
 1576000000,	57.43,	7.14
 1577000000,	57.42,	7.04
 1578000000,	57.41,	6.90
 1579000000,	57.40,	7.03
 1580000000,	57.38,	7.10
 1581000000,	57.37,	7.11
 1582000000,	57.36,	7.26
 1583000000,	57.35,	7.15
 1584000000,	57.33,	7.28
 1585000000,	57.32,	7.17
 1586000000,	57.31,	7.15
 1587000000,	57.29,	7.18
 1588000000,	57.28,	7.20
 1589000000,	57.26,	7.09
 1590000000,	57.25,	7.36
 1591000000,	57.24,	7.51
 1592000000,	57.22,	7.31
 1593000000,	57.21,	7.31
 1594000000,	57.19,	7.29
 1595000000,	57.18,	7.36
 1596000000,	57.16,	7.34
 1597000000,	57.14,	7.36
 1598000000,	57.13,	7.27
 1599000000,	57.12,	7.39
 1600000000,	57.10,	7.18
 1601000000,	57.09,	7.24
 1602000000,	57.08,	7.41
 1603000000,	57.07,	7.31
 1604000000,	57.06,	7.28
 1605000000,	57.04,	7.34
 1606000000,	57.03,	7.55
 1607000000,	57.02,	7.53
 1608000000,	57.01,	7.53
 1609000000,	57.00,	7.65
 1610000000,	56.99,	7.49
 1611000000,	56.98,	7.37
 1612000000,	56.96,	7.43
 1613000000,	56.95,	7.45
 1614000000,	56.94,	7.60
 1615000000,	56.94,	7.54
 1616000000,	56.93,	7.50
 1617000000,	56.92,	7.49
 1618000000,	56.91,	7.66
 1619000000,	56.90,	7.47
 1620000000,	56.89,	7.55
 1621000000,	56.89,	7.53
 1622000000,	56.88,	7.49
 1623000000,	56.87,	7.55
 1624000000,	56.87,	7.57
 1625000000,	56.86,	7.60
 1626000000,	56.86,	7.54
 1627000000,	56.86,	7.62
 1628000000,	56.85,	7.45
 1629000000,	56.85,	7.53
 1630000000,	56.85,	7.58
 1631000000,	56.85,	7.53
 1632000000,	56.84,	7.65
 1633000000,	56.85,	7.59
 1634000000,	56.84,	7.47
 1635000000,	56.84,	7.49
 1636000000,	56.84,	7.51
 1637000000,	56.84,	7.34
 1638000000,	56.84,	7.60
 1639000000,	56.84,	7.48
 1640000000,	56.84,	7.32
 1641000000,	56.84,	7.43
 1642000000,	56.84,	7.40
 1643000000,	56.84,	7.35
 1644000000,	56.84,	7.37
 1645000000,	56.84,	7.24
 1646000000,	56.85,	7.25
 1647000000,	56.85,	7.54
 1648000000,	56.86,	7.23
 1649000000,	56.86,	7.33
 1650000000,	56.86,	7.56
 1651000000,	56.87,	7.41
 1652000000,	56.87,	7.36
 1653000000,	56.88,	7.41
 1654000000,	56.88,	7.53
 1655000000,	56.89,	7.38
 1656000000,	56.89,	7.46
 1657000000,	56.89,	7.50
 1658000000,	56.90,	7.43
 1659000000,	56.90,	7.46
 1660000000,	56.90,	7.56
 1661000000,	56.91,	7.57
 1662000000,	56.91,	7.52
 1663000000,	56.91,	7.58
 1664000000,	56.92,	7.59
 1665000000,	56.92,	7.62
 1666000000,	56.93,	7.52
 1667000000,	56.93,	7.64
 1668000000,	56.93,	7.74
 1669000000,	56.94,	7.71
 1670000000,	56.95,	7.67
