% f (Hz),G_rec (dB),T_e_rec (K)
 900000000,  57.76,   8.52
 901000000,  57.75,   8.59
 902000000,  57.72,   8.56
 903000000,  57.71,   8.44
 904000000,  57.67,   8.40
 905000000,  57.66,   8.37
 906000000,  57.64,   8.30
 907000000,  57.62,   8.25
 908000000,  57.60,   8.21
 909000000,  57.59,   8.30
 910000000,  57.57,   8.23
 911000000,  57.55,   8.12
 912000000,  57.55,   8.06
 913000000,  57.53,   7.96
 914000000,  57.52,   8.08
 915000000,  57.51,   8.05
 916000000,  57.50,   7.96
 917000000,  57.50,   8.02
 918000000,  57.49,   8.01
 919000000,  57.49,   7.93
 920000000,  57.49,   7.90
 921000000,  57.48,   7.99
 922000000,  57.48,   7.98
 923000000,  57.47,   7.81
 924000000,  57.46,   7.84
 925000000,  57.48,   7.90
 926000000,  57.46,   7.92
 927000000,  57.47,   7.83
 928000000,  57.47,   7.83
 929000000,  57.48,   7.77
 930000000,  57.47,   7.78
 931000000,  57.47,   7.85
 932000000,  57.48,   7.78
 933000000,  57.47,   7.77
 934000000,  57.47,   7.83
 935000000,  57.48,   7.88
 936000000,  57.48,   7.81
 937000000,  57.48,   7.75
 938000000,  57.49,   7.77
 939000000,  57.49,   7.76
 940000000,  57.48,   7.74
 941000000,  57.48,   7.80
 942000000,  57.49,   7.80
 943000000,  57.49,   7.70
 944000000,  57.48,   7.72
 945000000,  57.49,   7.80
 946000000,  57.48,   7.86
 947000000,  57.47,   7.79
 948000000,  57.47,   7.69
 949000000,  57.48,   7.68
 950000000,  57.47,   7.75
 951000000,  57.47,   7.71
 952000000,  57.47,   7.65
 953000000,  57.46,   7.66
 954000000,  57.45,   7.59
 955000000,  57.44,   7.57
 956000000,  57.44,   7.70
 957000000,  57.43,   7.73
 958000000,  57.43,   7.52
 959000000,  57.42,   7.61
 960000000,  57.40,   7.70
 961000000,  57.40,   7.74
 962000000,  57.39,   7.66
 963000000,  57.38,   7.62
 964000000,  57.37,   7.57
 965000000,  57.36,   7.48
 966000000,  57.34,   7.50
 967000000,  57.32,   7.40
 968000000,  57.32,   7.37
 969000000,  57.30,   7.38
 970000000,  57.29,   7.42
 971000000,  57.27,   7.49
 972000000,  57.26,   7.50
 973000000,  57.25,   7.41
 974000000,  57.22,   7.34
 975000000,  57.22,   7.37
 976000000,  57.20,   7.43
 977000000,  57.18,   7.38
 978000000,  57.18,   7.35
 979000000,  57.16,   7.36
 980000000,  57.15,   7.38
 981000000,  57.13,   7.35
 982000000,  57.12,   7.27
 983000000,  57.11,   7.25
 984000000,  57.09,   7.28
 985000000,  57.08,   7.26
 986000000,  57.07,   7.40
 987000000,  57.06,   7.35
 988000000,  57.05,   7.23
 989000000,  57.04,   7.27
 990000000,  57.02,   7.42
 991000000,  57.02,   7.43
 992000000,  57.01,   7.37
 993000000,  57.00,   7.29
 994000000,  56.99,   7.35
 995000000,  56.98,   7.35
 996000000,  56.98,   7.38
 997000000,  56.98,   7.34
 998000000,  56.98,   7.27
 999000000,  56.98,   7.32
1000000000,  56.97,   7.47
1001000000,  56.97,   7.44
1002000000,  56.97,   7.32
1003000000,  56.96,   7.45
1004000000,  56.96,   7.51
1005000000,  56.96,   7.52
1006000000,  56.97,   7.53
1007000000,  56.96,   7.59
1008000000,  56.98,   7.61
1009000000,  56.97,   7.50
1010000000,  56.96,   7.47
1011000000,  56.98,   7.48
1012000000,  56.97,   7.59
1013000000,  56.98,   7.62
1014000000,  56.99,   7.53
1015000000,  56.98,   7.61
1016000000,  56.99,   7.63
1017000000,  56.99,   7.62
1018000000,  57.01,   7.69
1019000000,  57.00,   7.73
1020000000,  57.01,   7.67
1021000000,  57.02,   7.60
1022000000,  57.02,   7.57
1023000000,  57.03,   7.61
1024000000,  57.04,   7.65
1025000000,  57.05,   7.63
1026000000,  57.06,   7.58
1027000000,  57.06,   7.70
1028000000,  57.06,   7.72
1029000000,  57.07,   7.63
1030000000,  57.09,   7.64
1031000000,  57.09,   7.60
1032000000,  57.10,   7.64
1033000000,  57.10,   7.71
1034000000,  57.10,   7.77
1035000000,  57.12,   7.80
1036000000,  57.12,   7.80
1037000000,  57.12,   7.75
1038000000,  57.14,   7.74
1039000000,  57.13,   7.74
1040000000,  57.14,   7.74
1041000000,  57.15,   7.62
1042000000,  57.15,   7.57
1043000000,  57.15,   7.72
1044000000,  57.16,   7.72
1045000000,  57.16,   7.76
1046000000,  57.16,   7.69
1047000000,  57.17,   7.75
1048000000,  57.17,   7.62
1049000000,  57.16,   7.61
1050000000,  57.16,   7.55
1051000000,  57.16,   7.57
1052000000,  57.16,   7.59
1053000000,  57.17,   7.67
1054000000,  57.16,   7.66
1055000000,  57.17,   7.65
1056000000,  57.16,   7.64
1057000000,  57.17,   7.67
1058000000,  57.18,   7.73
1059000000,  57.17,   7.67
1060000000,  57.16,   7.57
1061000000,  57.16,   7.58
1062000000,  57.16,   7.52
1063000000,  57.16,   7.49
1064000000,  57.16,   7.55
1065000000,  57.16,   7.59
1066000000,  57.15,   7.59
1067000000,  57.16,   7.56
1068000000,  57.16,   7.59
1069000000,  57.15,   7.57
1070000000,  57.15,   7.48
1071000000,  57.14,   7.55
1072000000,  57.13,   7.62
1073000000,  57.13,   7.54
1074000000,  57.12,   7.51
1075000000,  57.12,   7.50
1076000000,  57.11,   7.44
1077000000,  57.11,   7.52
1078000000,  57.11,   7.61
1079000000,  57.11,   7.59
1080000000,  57.09,   7.45
1081000000,  57.09,   7.40
1082000000,  57.08,   7.37
1083000000,  57.09,   7.57
1084000000,  57.08,   7.53
1085000000,  57.07,   7.61
1086000000,  57.07,   7.58
1087000000,  57.06,   7.59
1088000000,  57.07,   7.60
1089000000,  57.07,   7.60
1090000000,  57.07,   7.60
1091000000,  57.07,   7.50
1092000000,  57.07,   7.60
1093000000,  57.06,   7.64
1094000000,  57.07,   7.61
1095000000,  57.06,   7.64
1096000000,  57.07,   7.51
1097000000,  57.08,   7.46
1098000000,  57.07,   7.56
1099000000,  57.07,   7.48
1100000000,  57.07,   7.66
1101000000,  57.06,   7.65
1102000000,  57.07,   7.63
1103000000,  57.07,   7.70
1104000000,  57.08,   7.66
1105000000,  57.07,   7.71
1106000000,  57.07,   7.69
1107000000,  57.07,   7.71
1108000000,  57.08,   7.70
1109000000,  57.08,   7.76
1110000000,  57.08,   7.72
1111000000,  57.09,   7.66
1112000000,  57.09,   7.65
1113000000,  57.10,   7.78
1114000000,  57.09,   7.80
1115000000,  57.11,   7.68
1116000000,  57.13,   7.74
1117000000,  57.14,   7.78
1118000000,  57.14,   7.80
1119000000,  57.15,   7.77
1120000000,  57.17,   7.79
1121000000,  57.17,   7.77
1122000000,  57.19,   7.77
1123000000,  57.20,   7.99
1124000000,  57.20,   7.94
1125000000,  57.23,   7.87
1126000000,  57.24,   7.82
1127000000,  57.25,   7.76
1128000000,  57.27,   7.87
1129000000,  57.28,   7.84
1130000000,  57.29,   7.85
1131000000,  57.30,   7.83
1132000000,  57.31,   7.87
1133000000,  57.33,   7.90
1134000000,  57.34,   7.95
1135000000,  57.36,   7.90
1136000000,  57.37,   7.86
1137000000,  57.38,   7.91
1138000000,  57.39,   7.92
1139000000,  57.39,   7.83
1140000000,  57.41,   7.79
1141000000,  57.42,   7.81
1142000000,  57.43,   7.84
1143000000,  57.46,   7.85
1144000000,  57.47,   7.81
1145000000,  57.47,   7.83
1146000000,  57.48,   7.91
1147000000,  57.49,   7.84
1148000000,  57.50,   7.93
1149000000,  57.51,   7.85
1150000000,  57.52,   7.93
1151000000,  57.53,   7.88
1152000000,  57.53,   7.85
1153000000,  57.53,   7.81
1154000000,  57.56,   7.92
1155000000,  57.56,   7.81
1156000000,  57.57,   7.83
1157000000,  57.58,   7.75
1158000000,  57.58,   7.78
1159000000,  57.58,   7.71
1160000000,  57.58,   7.78
1161000000,  57.59,   7.69
1162000000,  57.60,   7.74
1163000000,  57.61,   7.76
1164000000,  57.60,   7.77
1165000000,  57.60,   7.79
1166000000,  57.59,   7.92
1167000000,  57.61,   7.83
1168000000,  57.60,   7.69
1169000000,  57.60,   7.73
1170000000,  57.60,   7.74
1171000000,  57.61,   7.76
1172000000,  57.61,   7.66
1173000000,  57.61,   7.66
1174000000,  57.60,   7.73
1175000000,  57.60,   7.69
1176000000,  57.59,   7.73
1177000000,  57.59,   7.68
1178000000,  57.59,   7.71
1179000000,  57.59,   7.67
1180000000,  57.58,   7.77
1181000000,  57.57,   7.80
1182000000,  57.56,   7.79
1183000000,  57.57,   7.74
1184000000,  57.55,   7.63
1185000000,  57.54,   7.74
1186000000,  57.54,   7.72
1187000000,  57.51,   7.56
1188000000,  57.51,   7.71
1189000000,  57.51,   7.61
1190000000,  57.51,   7.68
1191000000,  57.49,   7.57
1192000000,  57.48,   7.64
1193000000,  57.47,   7.76
1194000000,  57.46,   7.80
1195000000,  57.45,   7.79
1196000000,  57.45,   7.81
1197000000,  57.43,   7.79
1198000000,  57.42,   7.70
1199000000,  57.43,   7.74
1200000000,  57.40,   7.72
1201000000,  57.40,   7.69
1202000000,  57.40,   7.75
1203000000,  57.39,   7.57
1204000000,  57.39,   7.71
1205000000,  57.38,   7.69
1206000000,  57.38,   7.58
1207000000,  57.37,   7.72
1208000000,  57.36,   7.70
1209000000,  57.36,   7.54
1210000000,  57.35,   7.57
1211000000,  57.35,   7.64
1212000000,  57.34,   7.79
1213000000,  57.33,   7.71
1214000000,  57.33,   7.58
1215000000,  57.32,   7.65
1216000000,  57.32,   7.62
1217000000,  57.31,   7.77
1218000000,  57.31,   7.74
1219000000,  57.31,   7.77
1220000000,  57.32,   7.81
1221000000,  57.31,   7.73
1222000000,  57.31,   7.60
1223000000,  57.30,   7.75
1224000000,  57.30,   7.74
1225000000,  57.31,   7.80
1226000000,  57.32,   7.76
1227000000,  57.31,   7.68
1228000000,  57.31,   7.77
1229000000,  57.31,   7.75
1230000000,  57.33,   7.96
1231000000,  57.33,   7.79
1232000000,  57.32,   7.79
1233000000,  57.33,   7.79
1234000000,  57.33,   7.87
1235000000,  57.34,   7.90
1236000000,  57.34,   7.83
1237000000,  57.35,   7.89
1238000000,  57.35,   7.94
1239000000,  57.36,   7.85
1240000000,  57.36,   7.88
1241000000,  57.38,   7.86
1242000000,  57.39,   7.95
1243000000,  57.39,   8.04
1244000000,  57.39,   8.04
1245000000,  57.40,   7.99
1246000000,  57.42,   8.10
1247000000,  57.43,   8.03
1248000000,  57.44,   7.98
1249000000,  57.47,   8.13
1250000000,  57.46,   8.16
1251000000,  57.48,   8.02
1252000000,  57.49,   8.00
1253000000,  57.50,   8.02
1254000000,  57.51,   8.09
1255000000,  57.53,   8.09
1256000000,  57.55,   8.16
1257000000,  57.54,   8.00
1258000000,  57.55,   7.97
1259000000,  57.57,   8.11
1260000000,  57.58,   8.07
1261000000,  57.59,   8.12
1262000000,  57.59,   8.08
1263000000,  57.61,   8.04
1264000000,  57.61,   8.14
1265000000,  57.63,   7.96
1266000000,  57.65,   8.30
1267000000,  57.64,   8.12
1268000000,  57.66,   8.25
1269000000,  57.68,   8.06
1270000000,  57.68,   8.34
1271000000,  57.70,   8.05
1272000000,  57.71,   8.19
1273000000,  57.71,   8.00
1274000000,  57.73,   8.24
1275000000,  57.75,   8.08
1276000000,  57.75,   8.13
1277000000,  57.75,   8.13
1278000000,  57.77,   8.09
1279000000,  57.78,   8.08
1280000000,  57.79,   8.18
1281000000,  57.80,   7.90
1282000000,  57.81,   8.10
1283000000,  57.81,   7.88
1284000000,  57.82,   8.07
1285000000,  57.82,   7.97
1286000000,  57.82,   7.94
1287000000,  57.83,   8.10
1288000000,  57.85,   8.01
1289000000,  57.85,   7.97
1290000000,  57.84,   7.93
1291000000,  57.86,   7.88
1292000000,  57.85,   7.97
1293000000,  57.84,   7.84
1294000000,  57.86,   7.73
1295000000,  57.86,   7.67
1296000000,  57.84,   7.86
1297000000,  57.84,   7.82
1298000000,  57.84,   7.64
1299000000,  57.84,   7.78
1300000000,  57.84,   7.78
1301000000,  57.84,   7.63
1302000000,  57.83,   7.67
1303000000,  57.83,   7.66
1304000000,  57.82,   7.64
1305000000,  57.83,   7.73
1306000000,  57.81,   7.58
1307000000,  57.81,   7.67
1308000000,  57.81,   7.62
1309000000,  57.80,   7.48
1310000000,  57.80,   7.52
1311000000,  57.78,   7.56
1312000000,  57.79,   7.46
1313000000,  57.78,   7.64
1314000000,  57.77,   7.54
1315000000,  57.76,   7.43
1316000000,  57.76,   7.45
1317000000,  57.75,   7.43
1318000000,  57.74,   7.53
1319000000,  57.74,   7.46
1320000000,  57.73,   7.48
1321000000,  57.72,   7.50
1322000000,  57.70,   7.48
1323000000,  57.71,   7.34
1324000000,  57.70,   7.40
1325000000,  57.68,   7.48
1326000000,  57.68,   7.51
1327000000,  57.67,   7.51
1328000000,  57.67,   7.38
1329000000,  57.66,   7.43
1330000000,  57.64,   7.47
1331000000,  57.64,   7.43
1332000000,  57.63,   7.37
1333000000,  57.63,   7.56
1334000000,  57.63,   7.56
1335000000,  57.62,   7.47
1336000000,  57.61,   7.57
1337000000,  57.61,   7.42
1338000000,  57.61,   7.46
1339000000,  57.61,   7.48
1340000000,  57.61,   7.49
1341000000,  57.61,   7.52
1342000000,  57.61,   7.61
1343000000,  57.59,   7.51
1344000000,  57.59,   7.61
1345000000,  57.58,   7.42
1346000000,  57.57,   7.60
1347000000,  57.56,   7.53
1348000000,  57.54,   7.60
1349000000,  57.54,   7.75
1350000000,  57.53,   7.54
1351000000,  57.52,   7.57
1352000000,  57.52,   7.61
1353000000,  57.51,   7.55
1354000000,  57.50,   7.76
1355000000,  57.49,   7.81
1356000000,  57.48,   7.72
1357000000,  57.49,   7.79
1358000000,  57.48,   7.73
1359000000,  57.47,   7.69
1360000000,  57.47,   7.89
1361000000,  57.47,   7.60
1362000000,  57.46,   7.73
1363000000,  57.46,   7.75
1364000000,  57.45,   7.74
1365000000,  57.46,   7.75
1366000000,  57.46,   7.71
1367000000,  57.46,   7.67
1368000000,  57.46,   7.85
1369000000,  57.45,   7.71
1370000000,  57.46,   7.71
1371000000,  57.46,   7.83
1372000000,  57.46,   7.85
1373000000,  57.46,   7.81
1374000000,  57.47,   7.82
1375000000,  57.47,   7.80
1376000000,  57.47,   7.93
1377000000,  57.48,   7.82
1378000000,  57.48,   7.93
1379000000,  57.48,   7.95
1380000000,  57.48,   8.01
1381000000,  57.49,   7.94
1382000000,  57.49,   7.92
1383000000,  57.50,   7.85
1384000000,  57.50,   7.97
1385000000,  57.51,   7.94
1386000000,  57.51,   7.97
1387000000,  57.50,   8.05
1388000000,  57.52,   7.95
1389000000,  57.52,   8.00
1390000000,  57.51,   7.98
1391000000,  57.53,   8.05
1392000000,  57.53,   8.19
1393000000,  57.53,   8.21
1394000000,  57.55,   8.17
1395000000,  57.55,   8.18
1396000000,  57.55,   8.04
1397000000,  57.55,   8.15
1398000000,  57.56,   8.34
1399000000,  57.57,   8.28
1400000000,  57.57,   8.39
1401000000,  57.59,   8.38
1402000000,  57.59,   8.56
1403000000,  57.58,   8.37
1404000000,  57.60,   8.57
1405000000,  57.60,   8.69
1406000000,  57.59,   8.72
1407000000,  57.60,   8.86
1408000000,  57.62,   9.04
1409000000,  57.62,   8.98
1410000000,  57.62,   9.26
1411000000,  57.62,   9.43
1412000000,  57.63,   9.47
1413000000,  57.62,   9.51
1414000000,  57.64,   9.69
1415000000,  57.65,   9.93
1416000000,  57.65,   9.93
1417000000,  57.65,   9.95
1418000000,  57.66,  10.00
1419000000,  57.66,  10.06
1420000000,  57.66,  10.22
1421000000,  57.66,  10.06
1422000000,  57.66,  10.09
1423000000,  57.66,  10.04
1424000000,  57.66,   9.66
1425000000,  57.66,   9.59
1426000000,  57.66,   9.50
1427000000,  57.65,   9.38
1428000000,  57.64,   9.29
1429000000,  57.64,   9.30
1430000000,  57.64,   9.32
1431000000,  57.64,   9.32
1432000000,  57.63,   9.07
1433000000,  57.63,   9.06
1434000000,  57.63,   9.09
1435000000,  57.62,   8.96
1436000000,  57.62,   8.97
1437000000,  57.62,   9.00
1438000000,  57.63,   9.07
1439000000,  57.62,   9.17
1440000000,  57.62,   9.12
1441000000,  57.62,   9.13
1442000000,  57.62,   9.28
1443000000,  57.61,   9.24
1444000000,  57.62,   9.14
1445000000,  57.62,   9.19
1446000000,  57.62,   9.23
1447000000,  57.61,   9.14
1448000000,  57.61,   9.03
1449000000,  57.62,   9.05
1450000000,  57.61,   9.01
1451000000,  57.61,   9.09
1452000000,  57.62,   8.98
1453000000,  57.60,   8.95
1454000000,  57.61,   8.93
1455000000,  57.61,   8.90
1456000000,  57.61,   8.91
1457000000,  57.61,   8.90
1458000000,  57.60,   9.02
1459000000,  57.60,   8.82
1460000000,  57.60,   8.72
1461000000,  57.60,   8.73
1462000000,  57.60,   8.65
1463000000,  57.59,   8.65
1464000000,  57.59,   8.62
1465000000,  57.59,   8.66
1466000000,  57.58,   8.57
1467000000,  57.58,   8.48
1468000000,  57.59,   8.53
1469000000,  57.58,   8.43
1470000000,  57.57,   8.59
1471000000,  57.57,   8.46
1472000000,  57.57,   8.50
1473000000,  57.57,   8.39
1474000000,  57.57,   8.50
1475000000,  57.56,   8.52
1476000000,  57.55,   8.45
1477000000,  57.56,   8.57
1478000000,  57.54,   8.56
1479000000,  57.54,   8.48
1480000000,  57.54,   8.47
1481000000,  57.53,   8.52
1482000000,  57.54,   8.60
1483000000,  57.53,   8.59
1484000000,  57.51,   8.58
1485000000,  57.51,   8.47
1486000000,  57.51,   8.43
1487000000,  57.50,   8.51
1488000000,  57.52,   8.53
1489000000,  57.49,   8.44
1490000000,  57.49,   8.52
1491000000,  57.50,   8.47
1492000000,  57.49,   8.53
1493000000,  57.50,   8.57
1494000000,  57.50,   8.53
1495000000,  57.50,   8.55
1496000000,  57.50,   8.45
1497000000,  57.49,   8.45
1498000000,  57.49,   8.41
1499000000,  57.50,   8.35
1500000000,  57.49,   8.44
1501000000,  57.49,   8.57
1502000000,  57.50,   8.52
1503000000,  57.50,   8.51
1504000000,  57.49,   8.40
1505000000,  57.49,   8.45
1506000000,  57.49,   8.56
1507000000,  57.50,   8.56
1508000000,  57.50,   8.46
1509000000,  57.49,   8.49
1510000000,  57.49,   8.55
1511000000,  57.49,   8.49
1512000000,  57.50,   8.61
1513000000,  57.50,   8.62
1514000000,  57.49,   8.51
1515000000,  57.49,   8.62
1516000000,  57.49,   8.65
1517000000,  57.50,   8.63
1518000000,  57.50,   8.54
1519000000,  57.50,   8.66
1520000000,  57.50,   8.65
1521000000,  57.49,   8.62
1522000000,  57.50,   8.63
1523000000,  57.50,   8.60
1524000000,  57.49,   8.72
1525000000,  57.50,   8.68
1526000000,  57.49,   8.66
1527000000,  57.49,   8.74
1528000000,  57.49,   8.63
1529000000,  57.49,   8.72
1530000000,  57.48,   8.74
1531000000,  57.49,   8.67
1532000000,  57.48,   8.64
1533000000,  57.47,   8.65
1534000000,  57.47,   8.71
1535000000,  57.47,   8.69
1536000000,  57.46,   8.57
1537000000,  57.46,   8.44
1538000000,  57.46,   8.39
1539000000,  57.44,   8.45
1540000000,  57.44,   8.51
1541000000,  57.44,   8.51
1542000000,  57.45,   8.56
1543000000,  57.43,   8.53
1544000000,  57.43,   8.53
1545000000,  57.42,   8.43
1546000000,  57.42,   8.41
1547000000,  57.42,   8.41
1548000000,  57.41,   8.43
1549000000,  57.40,   8.28
1550000000,  57.41,   8.35
1551000000,  57.39,   8.39
1552000000,  57.38,   8.27
1553000000,  57.38,   8.28
1554000000,  57.37,   8.31
1555000000,  57.37,   8.35
1556000000,  57.36,   8.32
1557000000,  57.36,   8.40
1558000000,  57.35,   8.45
1559000000,  57.34,   8.32
1560000000,  57.34,   8.31
1561000000,  57.33,   8.36
1562000000,  57.32,   8.35
1563000000,  57.31,   8.30
1564000000,  57.30,   8.25
1565000000,  57.30,   8.29
1566000000,  57.29,   8.33
1567000000,  57.26,   8.37
1568000000,  57.27,   8.20
1569000000,  57.28,   8.08
1570000000,  57.25,   8.17
1571000000,  57.24,   8.21
1572000000,  57.24,   8.17
1573000000,  57.23,   8.18
1574000000,  57.22,   8.24
1575000000,  57.21,   8.21
1576000000,  57.21,   8.21
1577000000,  57.20,   8.20
1578000000,  57.19,   8.33
1579000000,  57.18,   8.29
1580000000,  57.17,   8.34
1581000000,  57.16,   8.25
1582000000,  57.15,   8.25
1583000000,  57.14,   8.35
1584000000,  57.13,   8.33
1585000000,  57.13,   8.29
1586000000,  57.12,   8.39
1587000000,  57.12,   8.32
1588000000,  57.10,   8.29
1589000000,  57.09,   8.36
1590000000,  57.08,   8.33
1591000000,  57.08,   8.38
1592000000,  57.06,   8.39
1593000000,  57.05,   8.34
1594000000,  57.05,   8.37
1595000000,  57.04,   8.35
1596000000,  57.03,   8.44
1597000000,  57.02,   8.53
1598000000,  57.01,   8.50
1599000000,  57.00,   8.42
1600000000,  57.01,   8.39
1601000000,  56.99,   8.44
1602000000,  56.98,   8.52
1603000000,  56.97,   8.57
1604000000,  56.96,   8.59
1605000000,  56.95,   8.59
1606000000,  56.94,   8.59
1607000000,  56.93,   8.61
1608000000,  56.92,   8.64
1609000000,  56.91,   8.67
1610000000,  56.88,   8.59
1611000000,  56.88,   8.57
1612000000,  56.86,   8.59
1613000000,  56.84,   8.63
1614000000,  56.84,   8.72
1615000000,  56.83,   8.68
1616000000,  56.82,   8.66
1617000000,  56.81,   8.70
1618000000,  56.80,   8.66
1619000000,  56.80,   8.72
1620000000,  56.78,   8.88
1621000000,  56.77,   8.88
1622000000,  56.77,   8.84
1623000000,  56.76,   8.87
1624000000,  56.75,   8.70
1625000000,  56.75,   8.67
1626000000,  56.74,   8.75
1627000000,  56.74,   8.76
1628000000,  56.73,   8.84
1629000000,  56.71,   8.82
1630000000,  56.71,   8.78
1631000000,  56.71,   8.76
1632000000,  56.69,   8.80
1633000000,  56.69,   8.77
1634000000,  56.67,   8.74
1635000000,  56.67,   8.76
1636000000,  56.66,   8.71
1637000000,  56.66,   8.71
1638000000,  56.64,   8.79
1639000000,  56.64,   8.76
1640000000,  56.63,   8.74
1641000000,  56.63,   8.68
1642000000,  56.61,   8.64
1643000000,  56.61,   8.70
1644000000,  56.59,   8.79
1645000000,  56.58,   8.82
1646000000,  56.59,   8.69
1647000000,  56.58,   8.73
1648000000,  56.56,   8.64
1649000000,  56.57,   8.50
1650000000,  56.56,   8.58
1651000000,  56.56,   8.70
1652000000,  56.56,   8.67
1653000000,  56.55,   8.56
1654000000,  56.54,   8.65
1655000000,  56.54,   8.79
1656000000,  56.52,   8.82
1657000000,  56.52,   8.83
1658000000,  56.52,   8.81
1659000000,  56.51,   8.77
1660000000,  56.51,   8.84
1661000000,  56.50,   9.00
1662000000,  56.50,   9.04
1663000000,  56.50,   9.06
1664000000,  56.49,   9.14
1665000000,  56.50,   9.20
1666000000,  56.49,   9.29
1667000000,  56.48,   9.37
1668000000,  56.49,   9.51
1669000000,  56.49,   9.71
1670000000,  56.48,  10.00
