% f (Hz),G_rec (dB),T_e_rec (K)
  900000000,	54.65,	7.76
  901000000,	54.63,	7.54
  902000000,	54.61,	7.65
  903000000,	54.59,	7.60
  904000000,	54.57,	7.83
  905000000,	54.55,	7.63
  906000000,	54.54,	7.69
  907000000,	54.52,	7.79
  908000000,	54.51,	7.77
  909000000,	54.49,	7.84
  910000000,	54.48,	7.70
  911000000,	54.47,	7.72
  912000000,	54.46,	7.64
  913000000,	54.45,	7.62
  914000000,	54.44,	7.58
  915000000,	54.43,	7.72
  916000000,	54.43,	7.56
  917000000,	54.42,	7.63
  918000000,	54.42,	7.68
  919000000,	54.41,	7.49
  920000000,	54.41,	7.64
  921000000,	54.41,	7.67
  922000000,	54.40,	7.63
  923000000,	54.40,	7.64
  924000000,	54.40,	7.68
  925000000,	54.39,	7.59
  926000000,	54.39,	7.74
  927000000,	54.39,	7.45
  928000000,	54.39,	7.60
  929000000,	54.39,	7.42
  930000000,	54.38,	7.39
  931000000,	54.38,	7.54
  932000000,	54.38,	7.34
  933000000,	54.38,	7.41
  934000000,	54.37,	7.49
  935000000,	54.37,	7.56
  936000000,	54.36,	7.58
  937000000,	54.36,	7.48
  938000000,	54.36,	7.57
  939000000,	54.35,	7.41
  940000000,	54.35,	7.46
  941000000,	54.34,	7.21
  942000000,	54.34,	7.38
  943000000,	54.33,	7.31
  944000000,	54.32,	7.45
  945000000,	54.32,	7.45
  946000000,	54.31,	7.22
  947000000,	54.30,	7.31
  948000000,	54.29,	7.32
  949000000,	54.28,	7.35
  950000000,	54.27,	7.40
  951000000,	54.26,	7.28
  952000000,	54.24,	7.15
  953000000,	54.23,	7.19
  954000000,	54.22,	7.31
  955000000,	54.20,	7.16
  956000000,	54.19,	7.41
  957000000,	54.18,	7.15
  958000000,	54.16,	7.13
  959000000,	54.14,	7.20
  960000000,	54.13,	7.11
  961000000,	54.11,	7.45
  962000000,	54.09,	7.22
  963000000,	54.08,	7.15
  964000000,	54.06,	7.24
  965000000,	54.05,	7.31
  966000000,	54.03,	7.21
  967000000,	54.01,	7.25
  968000000,	54.00,	7.21
  969000000,	53.98,	7.34
  970000000,	53.96,	7.27
  971000000,	53.95,	7.34
  972000000,	53.93,	7.29
  973000000,	53.92,	7.31
  974000000,	53.90,	7.23
  975000000,	53.89,	7.24
  976000000,	53.87,	7.34
  977000000,	53.86,	7.52
  978000000,	53.85,	7.32
  979000000,	53.83,	7.33
  980000000,	53.82,	7.42
  981000000,	53.81,	7.49
  982000000,	53.80,	7.44
  983000000,	53.79,	7.46
  984000000,	53.78,	7.53
  985000000,	53.77,	7.47
  986000000,	53.76,	7.56
  987000000,	53.76,	7.47
  988000000,	53.75,	7.57
  989000000,	53.74,	7.61
  990000000,	53.74,	7.64
  991000000,	53.74,	7.61
  992000000,	53.74,	7.73
  993000000,	53.73,	7.72
  994000000,	53.73,	7.66
  995000000,	53.73,	7.86
  996000000,	53.73,	7.85
  997000000,	53.73,	7.71
  998000000,	53.73,	7.85
  999000000,	53.74,	7.92
 1000000000,	53.74,	7.90
 1001000000,	53.74,	7.89
 1002000000,	53.74,	7.95
 1003000000,	53.75,	7.91
 1004000000,	53.75,	7.88
 1005000000,	53.76,	7.93
 1006000000,	53.76,	7.95
 1007000000,	53.77,	8.00
 1008000000,	53.78,	7.90
 1009000000,	53.78,	8.05
 1010000000,	53.79,	8.10
 1011000000,	53.80,	8.12
 1012000000,	53.81,	8.08
 1013000000,	53.82,	7.97
 1014000000,	53.83,	8.14
 1015000000,	53.84,	8.14
 1016000000,	53.85,	8.16
 1017000000,	53.86,	8.09
 1018000000,	53.87,	8.15
 1019000000,	53.88,	8.08
 1020000000,	53.89,	8.17
 1021000000,	53.90,	8.22
 1022000000,	53.92,	7.99
 1023000000,	53.93,	8.27
 1024000000,	53.94,	8.15
 1025000000,	53.95,	8.16
 1026000000,	53.96,	8.14
 1027000000,	53.97,	8.19
 1028000000,	53.98,	8.14
 1029000000,	54.00,	8.21
 1030000000,	54.00,	8.20
 1031000000,	54.01,	8.09
 1032000000,	54.02,	8.22
 1033000000,	54.03,	8.21
 1034000000,	54.04,	8.31
 1035000000,	54.04,	8.33
 1036000000,	54.05,	8.17
 1037000000,	54.06,	8.21
 1038000000,	54.07,	8.35
 1039000000,	54.07,	8.23
 1040000000,	54.08,	8.18
 1041000000,	54.08,	8.21
 1042000000,	54.08,	8.28
 1043000000,	54.08,	8.22
 1044000000,	54.08,	8.03
 1045000000,	54.09,	8.32
 1046000000,	54.08,	8.27
 1047000000,	54.08,	8.23
 1048000000,	54.08,	8.36
 1049000000,	54.08,	8.22
 1050000000,	54.07,	8.24
 1051000000,	54.08,	8.16
 1052000000,	54.07,	8.30
 1053000000,	54.07,	8.23
 1054000000,	54.06,	8.42
 1055000000,	54.06,	8.27
 1056000000,	54.05,	8.31
 1057000000,	54.05,	8.28
 1058000000,	54.04,	8.45
 1059000000,	54.04,	8.31
 1060000000,	54.03,	8.21
 1061000000,	54.02,	8.23
 1062000000,	54.02,	8.55
 1063000000,	54.01,	8.24
 1064000000,	54.00,	8.22
 1065000000,	53.99,	8.19
 1066000000,	53.99,	8.10
 1067000000,	53.98,	8.31
 1068000000,	53.97,	8.31
 1069000000,	53.97,	8.19
 1070000000,	53.96,	8.33
 1071000000,	53.95,	8.28
 1072000000,	53.94,	8.06
 1073000000,	53.94,	8.41
 1074000000,	53.93,	8.45
 1075000000,	53.92,	8.33
 1076000000,	53.91,	8.26
 1077000000,	53.90,	8.37
 1078000000,	53.90,	8.34
 1079000000,	53.89,	8.48
 1080000000,	53.88,	8.43
 1081000000,	53.87,	8.53
 1082000000,	53.87,	8.44
 1083000000,	53.86,	8.46
 1084000000,	53.85,	8.45
 1085000000,	53.85,	8.55
 1086000000,	53.84,	8.47
 1087000000,	53.84,	8.52
 1088000000,	53.84,	8.49
 1089000000,	53.83,	8.62
 1090000000,	53.83,	8.41
 1091000000,	53.83,	8.48
 1092000000,	53.83,	8.59
 1093000000,	53.83,	8.55
 1094000000,	53.83,	8.57
 1095000000,	53.83,	8.42
 1096000000,	53.83,	8.61
 1097000000,	53.83,	8.69
 1098000000,	53.83,	8.75
 1099000000,	53.84,	8.66
 1100000000,	53.84,	8.65
 1101000000,	53.84,	8.62
 1102000000,	53.85,	8.70
 1103000000,	53.85,	8.70
 1104000000,	53.85,	8.74
 1105000000,	53.86,	8.71
 1106000000,	53.87,	8.75
 1107000000,	53.87,	8.59
 1108000000,	53.88,	8.68
 1109000000,	53.89,	8.83
 1110000000,	53.89,	8.69
 1111000000,	53.90,	8.82
 1112000000,	53.91,	8.72
 1113000000,	53.92,	8.78
 1114000000,	53.93,	8.78
 1115000000,	53.94,	8.74
 1116000000,	53.94,	8.82
 1117000000,	53.95,	8.64
 1118000000,	53.97,	8.73
 1119000000,	53.98,	8.96
 1120000000,	53.99,	8.68
 1121000000,	54.00,	8.84
 1122000000,	54.01,	8.94
 1123000000,	54.02,	8.86
 1124000000,	54.03,	8.64
 1125000000,	54.05,	8.74
 1126000000,	54.06,	8.83
 1127000000,	54.07,	8.70
 1128000000,	54.08,	8.85
 1129000000,	54.09,	8.77
 1130000000,	54.10,	8.86
 1131000000,	54.12,	8.79
 1132000000,	54.13,	8.71
 1133000000,	54.14,	8.78
 1134000000,	54.15,	8.80
 1135000000,	54.17,	8.81
 1136000000,	54.17,	8.73
 1137000000,	54.18,	8.79
 1138000000,	54.20,	8.74
 1139000000,	54.20,	8.79
 1140000000,	54.21,	8.81
 1141000000,	54.23,	8.86
 1142000000,	54.24,	8.84
 1143000000,	54.24,	8.77
 1144000000,	54.26,	8.63
 1145000000,	54.26,	8.70
 1146000000,	54.27,	8.72
 1147000000,	54.28,	8.68
 1148000000,	54.29,	8.83
 1149000000,	54.29,	8.65
 1150000000,	54.30,	8.73
 1151000000,	54.30,	8.71
 1152000000,	54.31,	8.64
 1153000000,	54.32,	8.68
 1154000000,	54.32,	8.76
 1155000000,	54.33,	8.73
 1156000000,	54.33,	8.75
 1157000000,	54.33,	8.71
 1158000000,	54.34,	8.59
 1159000000,	54.34,	8.63
 1160000000,	54.34,	8.57
 1161000000,	54.35,	8.49
 1162000000,	54.35,	8.53
 1163000000,	54.35,	8.60
 1164000000,	54.35,	8.50
 1165000000,	54.35,	8.47
 1166000000,	54.35,	8.56
 1167000000,	54.35,	8.52
 1168000000,	54.35,	8.58
 1169000000,	54.35,	8.62
 1170000000,	54.34,	8.47
 1171000000,	54.34,	8.69
 1172000000,	54.34,	8.71
 1173000000,	54.33,	8.44
 1174000000,	54.33,	8.52
 1175000000,	54.33,	8.62
 1176000000,	54.33,	8.64
 1177000000,	54.33,	8.73
 1178000000,	54.32,	8.66
 1179000000,	54.32,	8.57
 1180000000,	54.32,	8.74
 1181000000,	54.32,	8.59
 1182000000,	54.32,	8.54
 1183000000,	54.32,	8.58
 1184000000,	54.32,	8.56
 1185000000,	54.32,	8.69
 1186000000,	54.32,	8.49
 1187000000,	54.32,	8.57
 1188000000,	54.31,	8.71
 1189000000,	54.31,	8.67
 1190000000,	54.31,	8.81
 1191000000,	54.32,	8.68
 1192000000,	54.32,	8.67
 1193000000,	54.32,	8.84
 1194000000,	54.32,	8.68
 1195000000,	54.32,	8.84
 1196000000,	54.32,	8.70
 1197000000,	54.32,	8.65
 1198000000,	54.33,	8.66
 1199000000,	54.33,	8.79
 1200000000,	54.33,	8.74
 1201000000,	54.33,	8.82
 1202000000,	54.34,	8.77
 1203000000,	54.34,	8.79
 1204000000,	54.35,	8.85
 1205000000,	54.36,	8.79
 1206000000,	54.36,	8.76
 1207000000,	54.37,	8.87
 1208000000,	54.38,	8.61
 1209000000,	54.39,	8.81
 1210000000,	54.40,	8.86
 1211000000,	54.41,	8.56
 1212000000,	54.43,	8.74
 1213000000,	54.44,	8.60
 1214000000,	54.45,	8.78
 1215000000,	54.47,	8.87
 1216000000,	54.48,	8.82
 1217000000,	54.49,	8.69
 1218000000,	54.50,	8.64
 1219000000,	54.51,	8.82
 1220000000,	54.52,	8.69
 1221000000,	54.53,	8.90
 1222000000,	54.54,	8.69
 1223000000,	54.56,	8.67
 1224000000,	54.57,	8.73
 1225000000,	54.58,	8.91
 1226000000,	54.59,	8.72
 1227000000,	54.61,	8.75
 1228000000,	54.62,	8.63
 1229000000,	54.64,	8.78
 1230000000,	54.65,	8.71
 1231000000,	54.67,	8.85
 1232000000,	54.68,	8.71
 1233000000,	54.70,	8.54
 1234000000,	54.71,	8.53
 1235000000,	54.73,	8.76
 1236000000,	54.74,	8.56
 1237000000,	54.76,	8.55
 1238000000,	54.77,	8.56
 1239000000,	54.79,	8.59
 1240000000,	54.80,	8.61
 1241000000,	54.82,	8.64
 1242000000,	54.83,	8.57
 1243000000,	54.85,	8.56
 1244000000,	54.86,	8.68
 1245000000,	54.88,	8.61
 1246000000,	54.89,	8.42
 1247000000,	54.91,	8.61
 1248000000,	54.92,	8.53
 1249000000,	54.93,	8.42
 1250000000,	54.95,	8.60
 1251000000,	54.97,	8.47
 1252000000,	54.98,	8.52
 1253000000,	54.99,	8.34
 1254000000,	55.01,	8.40
 1255000000,	55.02,	8.34
 1256000000,	55.03,	8.42
 1257000000,	55.05,	8.36
 1258000000,	55.06,	8.41
 1259000000,	55.07,	8.37
 1260000000,	55.08,	8.44
 1261000000,	55.09,	8.29
 1262000000,	55.10,	8.16
 1263000000,	55.11,	8.07
 1264000000,	55.12,	8.19
 1265000000,	55.13,	8.32
 1266000000,	55.14,	8.19
 1267000000,	55.15,	8.12
 1268000000,	55.16,	8.17
 1269000000,	55.17,	8.10
 1270000000,	55.18,	8.03
 1271000000,	55.18,	8.18
 1272000000,	55.19,	8.08
 1273000000,	55.19,	8.22
 1274000000,	55.20,	8.16
 1275000000,	55.20,	8.11
 1276000000,	55.21,	8.10
 1277000000,	55.21,	8.18
 1278000000,	55.22,	7.95
 1279000000,	55.22,	8.03
 1280000000,	55.23,	8.13
 1281000000,	55.23,	8.03
 1282000000,	55.23,	7.97
 1283000000,	55.23,	7.80
 1284000000,	55.23,	7.92
 1285000000,	55.24,	7.96
 1286000000,	55.24,	7.96
 1287000000,	55.24,	7.96
 1288000000,	55.24,	7.93
 1289000000,	55.24,	7.92
 1290000000,	55.23,	8.06
 1291000000,	55.23,	7.82
 1292000000,	55.23,	7.80
 1293000000,	55.23,	7.84
 1294000000,	55.22,	7.78
 1295000000,	55.22,	7.97
 1296000000,	55.22,	7.85
 1297000000,	55.21,	7.95
 1298000000,	55.20,	7.89
 1299000000,	55.20,	7.95
 1300000000,	55.20,	7.85
 1301000000,	55.19,	7.81
 1302000000,	55.19,	7.91
 1303000000,	55.18,	8.03
 1304000000,	55.18,	7.84
 1305000000,	55.17,	7.83
 1306000000,	55.16,	7.90
 1307000000,	55.16,	7.95
 1308000000,	55.15,	7.82
 1309000000,	55.14,	7.73
 1310000000,	55.14,	7.81
 1311000000,	55.13,	7.88
 1312000000,	55.12,	7.69
 1313000000,	55.12,	7.75
 1314000000,	55.11,	7.92
 1315000000,	55.11,	7.79
 1316000000,	55.10,	7.71
 1317000000,	55.09,	7.85
 1318000000,	55.09,	7.94
 1319000000,	55.08,	7.83
 1320000000,	55.07,	7.87
 1321000000,	55.07,	7.87
 1322000000,	55.07,	7.90
 1323000000,	55.06,	7.96
 1324000000,	55.05,	7.84
 1325000000,	55.05,	7.76
 1326000000,	55.04,	7.90
 1327000000,	55.04,	7.92
 1328000000,	55.03,	7.93
 1329000000,	55.03,	7.90
 1330000000,	55.03,	7.94
 1331000000,	55.03,	8.03
 1332000000,	55.03,	8.01
 1333000000,	55.03,	7.98
 1334000000,	55.03,	7.85
 1335000000,	55.03,	8.03
 1336000000,	55.03,	8.04
 1337000000,	55.03,	8.01
 1338000000,	55.03,	7.97
 1339000000,	55.03,	7.99
 1340000000,	55.03,	7.95
 1341000000,	55.03,	8.13
 1342000000,	55.03,	8.19
 1343000000,	55.02,	8.04
 1344000000,	55.03,	8.18
 1345000000,	55.03,	8.20
 1346000000,	55.03,	8.25
 1347000000,	55.03,	8.11
 1348000000,	55.03,	8.20
 1349000000,	55.03,	8.04
 1350000000,	55.04,	8.07
 1351000000,	55.04,	8.19
 1352000000,	55.04,	8.21
 1353000000,	55.05,	8.28
 1354000000,	55.05,	8.22
 1355000000,	55.05,	8.21
 1356000000,	55.06,	8.10
 1357000000,	55.07,	8.24
 1358000000,	55.07,	8.24
 1359000000,	55.07,	8.16
 1360000000,	55.08,	8.27
 1361000000,	55.09,	8.31
 1362000000,	55.10,	8.15
 1363000000,	55.10,	8.22
 1364000000,	55.11,	8.32
 1365000000,	55.12,	8.19
 1366000000,	55.13,	8.33
 1367000000,	55.13,	8.30
 1368000000,	55.14,	8.32
 1369000000,	55.15,	8.27
 1370000000,	55.16,	8.36
 1371000000,	55.17,	8.29
 1372000000,	55.18,	8.38
 1373000000,	55.18,	8.45
 1374000000,	55.19,	8.51
 1375000000,	55.20,	8.37
 1376000000,	55.21,	8.55
 1377000000,	55.22,	8.50
 1378000000,	55.22,	8.49
 1379000000,	55.24,	8.48
 1380000000,	55.24,	8.53
 1381000000,	55.25,	8.67
 1382000000,	55.25,	8.52
 1383000000,	55.26,	8.54
 1384000000,	55.26,	8.59
 1385000000,	55.27,	8.67
 1386000000,	55.27,	8.66
 1387000000,	55.28,	8.64
 1388000000,	55.28,	8.77
 1389000000,	55.28,	8.74
 1390000000,	55.28,	8.69
 1391000000,	55.28,	8.76
 1392000000,	55.28,	8.98
 1393000000,	55.28,	8.97
 1394000000,	55.28,	9.11
 1395000000,	55.28,	9.17
 1396000000,	55.28,	9.19
 1397000000,	55.27,	9.14
 1398000000,	55.27,	9.18
 1399000000,	55.27,	9.29
 1400000000,	55.26,	9.40
 1401000000,	55.26,	9.57
 1402000000,	55.25,	9.61
 1403000000,	55.25,	9.62
 1404000000,	55.25,	9.82
 1405000000,	55.25,	9.90
 1406000000,	55.25,	9.87
 1407000000,	55.25,	9.90
 1408000000,	55.25,	9.97
 1409000000,	55.26,	9.87
 1410000000,	55.26,	9.70
 1411000000,	55.26,	9.73
 1412000000,	55.26,	9.65
 1413000000,	55.26,	9.53
 1414000000,	55.26,	9.32
 1415000000,	55.26,	9.38
 1416000000,	55.26,	9.30
 1417000000,	55.25,	9.30
 1418000000,	55.25,	9.25
 1419000000,	55.24,	8.99
 1420000000,	55.24,	9.07
 1421000000,	55.23,	9.19
 1422000000,	55.23,	9.15
 1423000000,	55.22,	9.22
 1424000000,	55.21,	9.19
 1425000000,	55.20,	9.10
 1426000000,	55.19,	9.06
 1427000000,	55.18,	9.03
 1428000000,	55.17,	9.08
 1429000000,	55.16,	9.12
 1430000000,	55.15,	9.15
 1431000000,	55.14,	9.26
 1432000000,	55.12,	9.14
 1433000000,	55.11,	9.18
 1434000000,	55.10,	9.15
 1435000000,	55.08,	9.22
 1436000000,	55.07,	9.40
 1437000000,	55.05,	9.50
 1438000000,	55.04,	9.47
 1439000000,	55.03,	9.51
 1440000000,	55.02,	9.52
 1441000000,	55.00,	9.55
 1442000000,	54.99,	9.57
 1443000000,	54.98,	9.63
 1444000000,	54.98,	9.65
 1445000000,	54.97,	9.69
 1446000000,	54.97,	9.80
 1447000000,	54.96,	9.60
 1448000000,	54.96,	9.69
 1449000000,	54.96,	9.56
 1450000000,	54.96,	9.61
 1451000000,	54.96,	9.54
 1452000000,	54.95,	9.37
 1453000000,	54.95,	9.58
 1454000000,	54.94,	9.46
 1455000000,	54.94,	9.39
 1456000000,	54.94,	9.27
 1457000000,	54.93,	9.23
 1458000000,	54.92,	9.38
 1459000000,	54.91,	9.45
 1460000000,	54.91,	9.28
 1461000000,	54.90,	9.32
 1462000000,	54.89,	9.38
 1463000000,	54.88,	9.20
 1464000000,	54.87,	9.38
 1465000000,	54.87,	9.46
 1466000000,	54.86,	9.43
 1467000000,	54.85,	9.48
 1468000000,	54.84,	9.43
 1469000000,	54.83,	9.41
 1470000000,	54.83,	9.34
 1471000000,	54.82,	9.60
 1472000000,	54.81,	9.47
 1473000000,	54.81,	9.58
 1474000000,	54.80,	9.59
 1475000000,	54.80,	9.65
 1476000000,	54.79,	9.80
 1477000000,	54.79,	9.62
 1478000000,	54.78,	9.53
 1479000000,	54.78,	9.52
 1480000000,	54.78,	9.64
 1481000000,	54.78,	9.59
 1482000000,	54.77,	9.41
 1483000000,	54.77,	9.67
 1484000000,	54.77,	9.65
 1485000000,	54.77,	9.63
 1486000000,	54.77,	9.47
 1487000000,	54.77,	9.71
 1488000000,	54.78,	9.57
 1489000000,	54.78,	9.38
 1490000000,	54.78,	9.53
 1491000000,	54.78,	9.48
 1492000000,	54.79,	9.42
 1493000000,	54.79,	9.38
 1494000000,	54.80,	9.50
 1495000000,	54.80,	9.36
 1496000000,	54.80,	9.41
 1497000000,	54.81,	9.50
 1498000000,	54.81,	9.40
 1499000000,	54.82,	9.53
 1500000000,	54.83,	9.47
 1501000000,	54.83,	9.38
 1502000000,	54.84,	9.67
 1503000000,	54.85,	9.36
 1504000000,	54.85,	9.35
 1505000000,	54.86,	9.47
 1506000000,	54.86,	9.34
 1507000000,	54.87,	9.47
 1508000000,	54.87,	9.44
 1509000000,	54.88,	9.31
 1510000000,	54.89,	9.31
 1511000000,	54.89,	9.35
 1512000000,	54.90,	9.27
 1513000000,	54.91,	9.34
 1514000000,	54.91,	9.12
 1515000000,	54.92,	9.39
 1516000000,	54.92,	9.30
 1517000000,	54.93,	9.34
 1518000000,	54.94,	9.23
 1519000000,	54.95,	9.17
 1520000000,	54.95,	9.26
 1521000000,	54.96,	9.24
 1522000000,	54.96,	9.34
 1523000000,	54.97,	9.29
 1524000000,	54.98,	9.08
 1525000000,	54.98,	9.23
 1526000000,	54.99,	9.11
 1527000000,	55.00,	9.25
 1528000000,	55.00,	9.12
 1529000000,	55.01,	8.99
 1530000000,	55.01,	9.14
 1531000000,	55.02,	9.12
 1532000000,	55.02,	9.04
 1533000000,	55.03,	9.15
 1534000000,	55.04,	9.04
 1535000000,	55.04,	8.94
 1536000000,	55.04,	8.95
 1537000000,	55.05,	9.06
 1538000000,	55.05,	9.04
 1539000000,	55.06,	8.92
 1540000000,	55.06,	8.93
 1541000000,	55.07,	8.73
 1542000000,	55.07,	8.88
 1543000000,	55.07,	8.88
 1544000000,	55.07,	8.76
 1545000000,	55.07,	8.65
 1546000000,	55.08,	8.83
 1547000000,	55.08,	8.76
 1548000000,	55.08,	8.74
 1549000000,	55.08,	8.65
 1550000000,	55.08,	8.72
 1551000000,	55.08,	8.74
 1552000000,	55.08,	8.75
 1553000000,	55.08,	8.67
 1554000000,	55.07,	8.58
 1555000000,	55.07,	8.74
 1556000000,	55.07,	8.48
 1557000000,	55.06,	8.59
 1558000000,	55.06,	8.64
 1559000000,	55.06,	8.48
 1560000000,	55.05,	8.43
 1561000000,	55.05,	8.46
 1562000000,	55.04,	8.54
 1563000000,	55.03,	8.39
 1564000000,	55.03,	8.45
 1565000000,	55.02,	8.42
 1566000000,	55.01,	8.36
 1567000000,	55.00,	8.34
 1568000000,	54.99,	8.57
 1569000000,	54.99,	8.42
 1570000000,	54.98,	8.40
 1571000000,	54.97,	8.44
 1572000000,	54.96,	8.30
 1573000000,	54.95,	8.38
 1574000000,	54.94,	8.42
 1575000000,	54.92,	8.54
 1576000000,	54.91,	8.39
 1577000000,	54.90,	8.38
 1578000000,	54.89,	8.48
 1579000000,	54.88,	8.37
 1580000000,	54.86,	8.47
 1581000000,	54.85,	8.19
 1582000000,	54.84,	8.60
 1583000000,	54.82,	8.48
 1584000000,	54.81,	8.71
 1585000000,	54.79,	8.66
 1586000000,	54.78,	8.63
 1587000000,	54.76,	8.59
 1588000000,	54.75,	8.52
 1589000000,	54.73,	8.57
 1590000000,	54.71,	8.51
 1591000000,	54.70,	8.58
 1592000000,	54.68,	8.44
 1593000000,	54.66,	8.60
 1594000000,	54.64,	8.63
 1595000000,	54.63,	8.79
 1596000000,	54.61,	8.71
 1597000000,	54.60,	8.64
 1598000000,	54.58,	8.68
 1599000000,	54.56,	8.89
 1600000000,	54.54,	8.67
 1601000000,	54.52,	8.83
 1602000000,	54.51,	8.67
 1603000000,	54.49,	8.82
 1604000000,	54.47,	8.63
 1605000000,	54.45,	8.97
 1606000000,	54.43,	8.95
 1607000000,	54.41,	8.98
 1608000000,	54.39,	8.87
 1609000000,	54.38,	8.76
 1610000000,	54.36,	8.92
 1611000000,	54.34,	8.81
 1612000000,	54.32,	8.87
 1613000000,	54.30,	8.86
 1614000000,	54.28,	9.03
 1615000000,	54.26,	8.98
 1616000000,	54.25,	9.03
 1617000000,	54.23,	9.07
 1618000000,	54.22,	9.03
 1619000000,	54.20,	9.10
 1620000000,	54.18,	9.09
 1621000000,	54.17,	9.15
 1622000000,	54.15,	9.14
 1623000000,	54.14,	9.23
 1624000000,	54.13,	9.36
 1625000000,	54.11,	9.29
 1626000000,	54.10,	9.19
 1627000000,	54.09,	9.40
 1628000000,	54.07,	9.12
 1629000000,	54.06,	9.20
 1630000000,	54.04,	9.27
 1631000000,	54.03,	9.36
 1632000000,	54.03,	9.24
 1633000000,	54.02,	9.40
 1634000000,	54.01,	9.40
 1635000000,	54.00,	9.44
 1636000000,	53.99,	9.28
 1637000000,	53.99,	9.40
 1638000000,	53.98,	9.30
 1639000000,	53.98,	9.35
 1640000000,	53.98,	9.27
 1641000000,	53.97,	9.39
 1642000000,	53.97,	9.14
 1643000000,	53.97,	9.28
 1644000000,	53.97,	9.18
 1645000000,	53.97,	9.32
 1646000000,	53.97,	9.29
 1647000000,	53.97,	9.28
 1648000000,	53.97,	9.35
 1649000000,	53.97,	9.41
 1650000000,	53.96,	9.23
 1651000000,	53.96,	9.18
 1652000000,	53.96,	9.27
 1653000000,	53.97,	9.27
 1654000000,	53.97,	9.18
 1655000000,	53.97,	9.34
 1656000000,	53.97,	9.26
 1657000000,	53.98,	9.34
 1658000000,	53.98,	9.25
 1659000000,	53.98,	9.18
 1660000000,	53.99,	9.09
 1661000000,	53.99,	9.29
 1662000000,	54.00,	9.32
 1663000000,	54.00,	9.07
 1664000000,	54.00,	9.29
 1665000000,	54.01,	9.41
 1666000000,	54.01,	9.23
 1667000000,	54.02,	9.35
 1668000000,	54.02,	9.26
 1669000000,	54.03,	9.49
 1670000000,	54.03,	9.30
