% f (Hz),   G_rec (dB), T_e_rec (K) 
 900000000,  56.29,   8.49
 901000000,  56.27,   8.45
 902000000,  56.26,   8.41
 903000000,  56.24,   8.35
 904000000,  56.21,   8.27
 905000000,  56.20,   8.23
 906000000,  56.19,   8.27
 907000000,  56.17,   8.28
 908000000,  56.16,   8.16
 909000000,  56.16,   8.25
 910000000,  56.15,   8.30
 911000000,  56.13,   8.24
 912000000,  56.14,   8.31
 913000000,  56.12,   8.26
 914000000,  56.12,   8.19
 915000000,  56.11,   8.13
 916000000,  56.11,   8.15
 917000000,  56.10,   8.21
 918000000,  56.10,   8.18
 919000000,  56.10,   8.15
 920000000,  56.10,   8.11
 921000000,  56.09,   8.09
 922000000,  56.09,   8.09
 923000000,  56.09,   8.10
 924000000,  56.09,   8.06
 925000000,  56.11,   7.96
 926000000,  56.09,   7.94
 927000000,  56.10,   7.99
 928000000,  56.10,   8.06
 929000000,  56.11,   8.04
 930000000,  56.10,   8.08
 931000000,  56.10,   8.07
 932000000,  56.11,   7.93
 933000000,  56.10,   7.92
 934000000,  56.10,   7.91
 935000000,  56.10,   7.84
 936000000,  56.09,   7.90
 937000000,  56.08,   7.97
 938000000,  56.08,   7.94
 939000000,  56.06,   7.94
 940000000,  56.05,   7.94
 941000000,  56.03,   7.94
 942000000,  56.04,   7.98
 943000000,  56.02,   7.98
 944000000,  56.01,   7.96
 945000000,  56.00,   7.91
 946000000,  55.98,   7.92
 947000000,  55.97,   7.91
 948000000,  55.95,   7.95
 949000000,  55.94,   7.84
 950000000,  55.93,   7.79
 951000000,  55.91,   7.78
 952000000,  55.90,   7.86
 953000000,  55.88,   7.95
 954000000,  55.86,   7.79
 955000000,  55.83,   7.76
 956000000,  55.82,   7.77
 957000000,  55.80,   7.81
 958000000,  55.78,   7.84
 959000000,  55.75,   7.76
 960000000,  55.73,   7.68
 961000000,  55.70,   7.68
 962000000,  55.68,   7.71
 963000000,  55.66,   7.66
 964000000,  55.64,   7.67
 965000000,  55.61,   7.58
 966000000,  55.59,   7.55
 967000000,  55.56,   7.67
 968000000,  55.54,   7.69
 969000000,  55.52,   7.57
 970000000,  55.50,   7.59
 971000000,  55.48,   7.65
 972000000,  55.46,   7.52
 973000000,  55.44,   7.50
 974000000,  55.41,   7.54
 975000000,  55.40,   7.51
 976000000,  55.38,   7.50
 977000000,  55.36,   7.52
 978000000,  55.35,   7.59
 979000000,  55.32,   7.55
 980000000,  55.31,   7.50
 981000000,  55.29,   7.59
 982000000,  55.27,   7.60
 983000000,  55.26,   7.61
 984000000,  55.24,   7.57
 985000000,  55.24,   7.61
 986000000,  55.22,   7.68
 987000000,  55.21,   7.59
 988000000,  55.21,   7.53
 989000000,  55.20,   7.57
 990000000,  55.19,   7.61
 991000000,  55.18,   7.67
 992000000,  55.18,   7.71
 993000000,  55.17,   7.73
 994000000,  55.17,   7.66
 995000000,  55.16,   7.72
 996000000,  55.16,   7.74
 997000000,  55.16,   7.73
 998000000,  55.16,   7.77
 999000000,  55.16,   7.77
1000000000,  55.15,   7.73
1001000000,  55.16,   7.82
1002000000,  55.15,   7.85
1003000000,  55.16,   7.83
1004000000,  55.16,   7.82
1005000000,  55.15,   7.88
1006000000,  55.16,   7.97
1007000000,  55.16,   7.90
1008000000,  55.17,   7.89
1009000000,  55.17,   7.88
1010000000,  55.16,   7.93
1011000000,  55.18,   8.02
1012000000,  55.18,   7.99
1013000000,  55.19,   7.94
1014000000,  55.20,   7.86
1015000000,  55.20,   7.95
1016000000,  55.20,   8.03
1017000000,  55.21,   8.02
1018000000,  55.23,   7.85
1019000000,  55.22,   7.88
1020000000,  55.23,   8.02
1021000000,  55.24,   8.06
1022000000,  55.24,   7.96
1023000000,  55.25,   7.94
1024000000,  55.25,   7.93
1025000000,  55.25,   7.94
1026000000,  55.25,   8.02
1027000000,  55.26,   8.00
1028000000,  55.25,   8.06
1029000000,  55.26,   8.14
1030000000,  55.26,   8.11
1031000000,  55.26,   7.97
1032000000,  55.27,   7.94
1033000000,  55.26,   7.94
1034000000,  55.25,   8.01
1035000000,  55.26,   8.02
1036000000,  55.25,   8.03
1037000000,  55.25,   8.05
1038000000,  55.25,   7.94
1039000000,  55.24,   7.93
1040000000,  55.24,   7.94
1041000000,  55.24,   7.92
1042000000,  55.23,   7.99
1043000000,  55.23,   7.94
1044000000,  55.21,   7.96
1045000000,  55.21,   7.88
1046000000,  55.20,   7.94
1047000000,  55.19,   7.95
1048000000,  55.18,   7.96
1049000000,  55.17,   7.87
1050000000,  55.15,   7.88
1051000000,  55.14,   7.89
1052000000,  55.13,   7.87
1053000000,  55.13,   7.88
1054000000,  55.11,   7.90
1055000000,  55.10,   7.82
1056000000,  55.08,   7.84
1057000000,  55.08,   7.80
1058000000,  55.06,   7.94
1059000000,  55.04,   8.02
1060000000,  55.03,   8.00
1061000000,  55.01,   7.91
1062000000,  55.00,   7.84
1063000000,  54.98,   7.81
1064000000,  54.96,   7.87
1065000000,  54.95,   7.85
1066000000,  54.93,   7.89
1067000000,  54.92,   7.97
1068000000,  54.91,   7.94
1069000000,  54.89,   7.95
1070000000,  54.88,   7.85
1071000000,  54.86,   7.95
1072000000,  54.84,   7.97
1073000000,  54.82,   7.94
1074000000,  54.81,   7.88
1075000000,  54.80,   7.93
1076000000,  54.77,   7.86
1077000000,  54.76,   7.90
1078000000,  54.75,   7.98
1079000000,  54.74,   8.06
1080000000,  54.72,   8.04
1081000000,  54.72,   7.95
1082000000,  54.70,   8.02
1083000000,  54.70,   8.00
1084000000,  54.70,   8.00
1085000000,  54.69,   8.07
1086000000,  54.69,   7.98
1087000000,  54.67,   7.93
1088000000,  54.68,   7.98
1089000000,  54.68,   8.10
1090000000,  54.67,   7.95
1091000000,  54.66,   7.92
1092000000,  54.66,   8.11
1093000000,  54.65,   8.02
1094000000,  54.66,   8.08
1095000000,  54.65,   8.07
1096000000,  54.65,   7.91
1097000000,  54.66,   8.00
1098000000,  54.66,   8.07
1099000000,  54.66,   8.14
1100000000,  54.66,   7.95
1101000000,  54.65,   8.05
1102000000,  54.66,   8.24
1103000000,  54.65,   8.25
1104000000,  54.67,   8.32
1105000000,  54.65,   8.35
1106000000,  54.67,   8.28
1107000000,  54.66,   8.22
1108000000,  54.68,   8.20
1109000000,  54.68,   8.17
1110000000,  54.69,   8.14
1111000000,  54.70,   8.31
1112000000,  54.71,   8.26
1113000000,  54.71,   8.11
1114000000,  54.71,   8.22
1115000000,  54.72,   8.19
1116000000,  54.74,   8.28
1117000000,  54.75,   8.28
1118000000,  54.75,   8.28
1119000000,  54.75,   8.19
1120000000,  54.77,   8.26
1121000000,  54.77,   8.23
1122000000,  54.78,   8.18
1123000000,  54.79,   8.28
1124000000,  54.80,   8.25
1125000000,  54.82,   8.21
1126000000,  54.83,   8.31
1127000000,  54.84,   8.34
1128000000,  54.85,   8.22
1129000000,  54.86,   8.30
1130000000,  54.86,   8.38
1131000000,  54.88,   8.27
1132000000,  54.89,   8.37
1133000000,  54.90,   8.39
1134000000,  54.91,   8.42
1135000000,  54.92,   8.45
1136000000,  54.92,   8.23
1137000000,  54.93,   8.35
1138000000,  54.94,   8.35
1139000000,  54.93,   8.40
1140000000,  54.94,   8.35
1141000000,  54.95,   8.25
1142000000,  54.95,   8.30
1143000000,  54.96,   8.36
1144000000,  54.96,   8.44
1145000000,  54.96,   8.20
1146000000,  54.96,   8.19
1147000000,  54.96,   8.17
1148000000,  54.96,   8.20
1149000000,  54.96,   8.26
1150000000,  54.96,   8.28
1151000000,  54.96,   8.22
1152000000,  54.95,   8.21
1153000000,  54.95,   8.29
1154000000,  54.97,   8.35
1155000000,  54.95,   8.40
1156000000,  54.95,   8.30
1157000000,  54.95,   8.12
1158000000,  54.95,   8.18
1159000000,  54.94,   8.22
1160000000,  54.94,   8.10
1161000000,  54.93,   8.19
1162000000,  54.93,   8.27
1163000000,  54.93,   8.32
1164000000,  54.91,   8.27
1165000000,  54.91,   8.11
1166000000,  54.88,   8.24
1167000000,  54.88,   8.18
1168000000,  54.87,   8.33
1169000000,  54.85,   8.26
1170000000,  54.84,   8.23
1171000000,  54.84,   8.20
1172000000,  54.83,   8.14
1173000000,  54.81,   8.27
1174000000,  54.80,   8.25
1175000000,  54.78,   8.19
1176000000,  54.78,   8.12
1177000000,  54.76,   8.37
1178000000,  54.75,   8.30
1179000000,  54.75,   8.26
1180000000,  54.73,   8.38
1181000000,  54.72,   8.43
1182000000,  54.70,   8.27
1183000000,  54.70,   8.35
1184000000,  54.68,   8.41
1185000000,  54.67,   8.47
1186000000,  54.66,   8.37
1187000000,  54.63,   8.36
1188000000,  54.62,   8.38
1189000000,  54.62,   8.45
1190000000,  54.61,   8.37
1191000000,  54.60,   8.42
1192000000,  54.59,   8.54
1193000000,  54.57,   8.53
1194000000,  54.57,   8.62
1195000000,  54.56,   8.45
1196000000,  54.56,   8.52
1197000000,  54.54,   8.60
1198000000,  54.54,   8.48
1199000000,  54.54,   8.73
1200000000,  54.52,   8.67
1201000000,  54.52,   8.56
1202000000,  54.52,   8.61
1203000000,  54.52,   8.59
1204000000,  54.52,   8.71
1205000000,  54.52,   8.60
1206000000,  54.52,   8.69
1207000000,  54.51,   8.61
1208000000,  54.50,   8.74
1209000000,  54.51,   8.70
1210000000,  54.51,   8.63
1211000000,  54.51,   8.69
1212000000,  54.52,   8.69
1213000000,  54.51,   8.75
1214000000,  54.51,   8.58
1215000000,  54.51,   8.82
1216000000,  54.51,   8.66
1217000000,  54.52,   8.69
1218000000,  54.52,   8.87
1219000000,  54.53,   8.64
1220000000,  54.55,   8.79
1221000000,  54.55,   8.74
1222000000,  54.56,   8.70
1223000000,  54.56,   8.60
1224000000,  54.57,   8.80
1225000000,  54.58,   8.72
1226000000,  54.60,   8.69
1227000000,  54.60,   8.68
1228000000,  54.61,   8.84
1229000000,  54.62,   8.86
1230000000,  54.64,   8.82
1231000000,  54.65,   8.86
1232000000,  54.65,   8.93
1233000000,  54.67,   8.75
1234000000,  54.68,   8.86
1235000000,  54.69,   8.88
1236000000,  54.71,   8.78
1237000000,  54.72,   8.75
1238000000,  54.73,   8.93
1239000000,  54.75,   9.05
1240000000,  54.77,   8.89
1241000000,  54.78,   8.95
1242000000,  54.80,   9.15
1243000000,  54.82,   8.92
1244000000,  54.83,   8.91
1245000000,  54.84,   8.96
1246000000,  54.87,   8.80
1247000000,  54.88,   8.85
1248000000,  54.90,   8.78
1249000000,  54.93,   8.77
1250000000,  54.93,   8.95
1251000000,  54.95,   8.72
1252000000,  54.96,   8.82
1253000000,  54.98,   8.72
1254000000,  55.00,   8.77
1255000000,  55.02,   8.86
1256000000,  55.04,   8.83
1257000000,  55.04,   8.66
1258000000,  55.06,   8.80
1259000000,  55.07,   8.56
1260000000,  55.09,   8.78
1261000000,  55.11,   8.78
1262000000,  55.12,   8.76
1263000000,  55.13,   8.51
1264000000,  55.14,   8.55
1265000000,  55.17,   8.70
1266000000,  55.18,   8.52
1267000000,  55.19,   8.54
1268000000,  55.21,   8.66
1269000000,  55.22,   8.68
1270000000,  55.22,   8.59
1271000000,  55.24,   8.44
1272000000,  55.25,   8.47
1273000000,  55.26,   8.30
1274000000,  55.28,   8.54
1275000000,  55.29,   8.59
1276000000,  55.29,   8.44
1277000000,  55.29,   8.43
1278000000,  55.31,   8.40
1279000000,  55.31,   8.32
1280000000,  55.31,   8.20
1281000000,  55.32,   8.27
1282000000,  55.33,   8.30
1283000000,  55.32,   8.18
1284000000,  55.33,   8.13
1285000000,  55.33,   8.09
1286000000,  55.33,   8.32
1287000000,  55.34,   8.09
1288000000,  55.34,   8.04
1289000000,  55.34,   8.19
1290000000,  55.33,   7.99
1291000000,  55.34,   8.05
1292000000,  55.33,   7.96
1293000000,  55.32,   7.96
1294000000,  55.33,   7.87
1295000000,  55.33,   7.89
1296000000,  55.32,   7.84
1297000000,  55.32,   7.80
1298000000,  55.32,   7.71
1299000000,  55.31,   7.69
1300000000,  55.32,   7.80
1301000000,  55.31,   7.71
1302000000,  55.30,   7.72
1303000000,  55.30,   7.62
1304000000,  55.29,   7.76
1305000000,  55.29,   7.66
1306000000,  55.27,   7.67
1307000000,  55.27,   7.68
1308000000,  55.26,   7.67
1309000000,  55.24,   7.76
1310000000,  55.25,   7.74
1311000000,  55.22,   7.67
1312000000,  55.23,   7.59
1313000000,  55.21,   7.66
1314000000,  55.20,   7.55
1315000000,  55.19,   7.47
1316000000,  55.18,   7.60
1317000000,  55.17,   7.49
1318000000,  55.16,   7.64
1319000000,  55.16,   7.61
1320000000,  55.14,   7.51
1321000000,  55.13,   7.50
1322000000,  55.11,   7.50
1323000000,  55.11,   7.51
1324000000,  55.10,   7.64
1325000000,  55.08,   7.60
1326000000,  55.08,   7.64
1327000000,  55.07,   7.50
1328000000,  55.06,   7.54
1329000000,  55.05,   7.61
1330000000,  55.03,   7.52
1331000000,  55.03,   7.52
1332000000,  55.02,   7.60
1333000000,  55.01,   7.57
1334000000,  55.00,   7.64
1335000000,  54.99,   7.67
1336000000,  54.98,   7.44
1337000000,  54.97,   7.62
1338000000,  54.96,   7.61
1339000000,  54.96,   7.63
1340000000,  54.95,   7.81
1341000000,  54.95,   7.83
1342000000,  54.94,   7.71
1343000000,  54.93,   7.68
1344000000,  54.93,   7.68
1345000000,  54.93,   7.81
1346000000,  54.92,   7.61
1347000000,  54.92,   7.88
1348000000,  54.90,   8.07
1349000000,  54.91,   7.97
1350000000,  54.90,   7.95
1351000000,  54.90,   8.05
1352000000,  54.89,   8.20
1353000000,  54.88,   8.04
1354000000,  54.87,   8.18
1355000000,  54.86,   8.05
1356000000,  54.85,   8.17
1357000000,  54.85,   8.21
1358000000,  54.83,   8.18
1359000000,  54.82,   8.35
1360000000,  54.82,   8.37
1361000000,  54.82,   8.41
1362000000,  54.81,   8.46
1363000000,  54.81,   8.37
1364000000,  54.80,   8.23
1365000000,  54.81,   8.45
1366000000,  54.81,   8.47
1367000000,  54.81,   8.33
1368000000,  54.81,   8.46
1369000000,  54.80,   8.53
1370000000,  54.81,   8.46
1371000000,  54.81,   8.44
1372000000,  54.81,   8.40
1373000000,  54.80,   8.53
1374000000,  54.81,   8.33
1375000000,  54.81,   8.38
1376000000,  54.80,   8.44
1377000000,  54.81,   8.44
1378000000,  54.81,   8.31
1379000000,  54.80,   8.37
1380000000,  54.80,   8.39
1381000000,  54.81,   8.32
1382000000,  54.80,   8.43
1383000000,  54.80,   8.37
1384000000,  54.80,   8.46
1385000000,  54.81,   8.42
1386000000,  54.81,   8.43
1387000000,  54.79,   8.45
1388000000,  54.81,   8.48
1389000000,  54.81,   8.54
1390000000,  54.79,   8.55
1391000000,  54.80,   8.63
1392000000,  54.79,   8.62
1393000000,  54.78,   8.50
1394000000,  54.78,   8.72
1395000000,  54.78,   8.82
1396000000,  54.77,   8.72
1397000000,  54.76,   8.89
1398000000,  54.75,   8.93
1399000000,  54.75,   9.01
1400000000,  54.74,   9.13
1401000000,  54.74,   9.27
1402000000,  54.73,   9.35
1403000000,  54.71,   9.47
1404000000,  54.71,   9.72
1405000000,  54.70,   9.88
1406000000,  54.67,  10.04
1407000000,  54.67,  10.20
1408000000,  54.66,  10.69
1409000000,  54.64,  10.71
1410000000,  54.63,  11.01
1411000000,  54.62,  11.39
1412000000,  54.61,  11.47
1413000000,  54.59,  11.65
1414000000,  54.59,  11.69
1415000000,  54.59,  12.00
1416000000,  54.58,  12.05
1417000000,  54.57,  11.94
1418000000,  54.57,  11.86
1419000000,  54.57,  11.82
1420000000,  54.57,  11.56
1421000000,  54.57,  11.46
1422000000,  54.56,  11.39
1423000000,  54.57,  11.08
1424000000,  54.57,  10.79
1425000000,  54.57,  10.68
1426000000,  54.58,  10.55
1427000000,  54.57,  10.45
1428000000,  54.56,  10.28
1429000000,  54.56,  10.22
1430000000,  54.56,  10.11
1431000000,  54.56,   9.92
1432000000,  54.55,   9.83
1433000000,  54.54,   9.64
1434000000,  54.54,   9.64
1435000000,  54.52,   9.65
1436000000,  54.52,   9.50
1437000000,  54.51,   9.28
1438000000,  54.51,   9.48
1439000000,  54.49,   9.48
1440000000,  54.48,   9.41
1441000000,  54.48,   9.45
1442000000,  54.47,   9.36
1443000000,  54.45,   9.50
1444000000,  54.45,   9.47
1445000000,  54.44,   9.49
1446000000,  54.43,   9.50
1447000000,  54.41,   9.64
1448000000,  54.41,   9.59
1449000000,  54.41,   9.70
1450000000,  54.39,   9.70
1451000000,  54.39,   9.70
1452000000,  54.38,   9.62
1453000000,  54.37,   9.84
1454000000,  54.37,   9.87
1455000000,  54.37,   9.84
1456000000,  54.37,   9.79
1457000000,  54.37,   9.72
1458000000,  54.36,   9.71
1459000000,  54.36,   9.77
1460000000,  54.36,   9.70
1461000000,  54.36,   9.63
1462000000,  54.36,   9.63
1463000000,  54.36,   9.65
1464000000,  54.35,   9.50
1465000000,  54.35,   9.53
1466000000,  54.34,   9.53
1467000000,  54.34,   9.52
1468000000,  54.35,   9.57
1469000000,  54.34,   9.53
1470000000,  54.33,   9.45
1471000000,  54.33,   9.54
1472000000,  54.34,   9.54
1473000000,  54.34,   9.46
1474000000,  54.33,   9.47
1475000000,  54.33,   9.41
1476000000,  54.32,   9.45
1477000000,  54.33,   9.42
1478000000,  54.32,   9.43
1479000000,  54.33,   9.32
1480000000,  54.33,   9.37
1481000000,  54.34,   9.41
1482000000,  54.34,   9.34
1483000000,  54.35,   9.25
1484000000,  54.33,   9.33
1485000000,  54.34,   9.26
1486000000,  54.35,   9.22
1487000000,  54.35,   9.33
1488000000,  54.37,   9.35
1489000000,  54.35,   9.35
1490000000,  54.36,   9.29
1491000000,  54.37,   9.24
1492000000,  54.37,   9.22
1493000000,  54.38,   9.28
1494000000,  54.38,   9.27
1495000000,  54.39,   9.29
1496000000,  54.39,   9.41
1497000000,  54.40,   9.26
1498000000,  54.40,   9.31
1499000000,  54.41,   9.22
1500000000,  54.40,   9.33
1501000000,  54.41,   9.18
1502000000,  54.42,   9.22
1503000000,  54.42,   9.19
1504000000,  54.42,   9.31
1505000000,  54.43,   9.21
1506000000,  54.43,   9.22
1507000000,  54.45,   9.20
1508000000,  54.46,   9.19
1509000000,  54.45,   9.17
1510000000,  54.46,   9.14
1511000000,  54.47,   9.11
1512000000,  54.48,   9.03
1513000000,  54.48,   9.07
1514000000,  54.48,   9.00
1515000000,  54.49,   9.08
1516000000,  54.50,   9.05
1517000000,  54.51,   8.92
1518000000,  54.51,   8.93
1519000000,  54.52,   8.97
1520000000,  54.52,   8.84
1521000000,  54.52,   8.84
1522000000,  54.53,   8.87
1523000000,  54.54,   8.95
1524000000,  54.55,   8.95
1525000000,  54.55,   8.89
1526000000,  54.56,   8.90
1527000000,  54.57,   8.89
1528000000,  54.57,   8.99
1529000000,  54.57,   8.94
1530000000,  54.57,   8.87
1531000000,  54.58,   8.97
1532000000,  54.58,   8.96
1533000000,  54.58,   8.87
1534000000,  54.59,   8.95
1535000000,  54.59,   8.84
1536000000,  54.59,   8.85
1537000000,  54.60,   8.81
1538000000,  54.60,   8.67
1539000000,  54.60,   8.74
1540000000,  54.60,   8.77
1541000000,  54.61,   8.61
1542000000,  54.62,   8.66
1543000000,  54.62,   8.75
1544000000,  54.62,   8.66
1545000000,  54.62,   8.67
1546000000,  54.63,   8.63
1547000000,  54.63,   8.54
1548000000,  54.63,   8.56
1549000000,  54.63,   8.61
1550000000,  54.65,   8.57
1551000000,  54.64,   8.48
1552000000,  54.63,   8.45
1553000000,  54.64,   8.49
1554000000,  54.64,   8.51
1555000000,  54.64,   8.43
1556000000,  54.64,   8.44
1557000000,  54.64,   8.51
1558000000,  54.64,   8.35
1559000000,  54.64,   8.39
1560000000,  54.64,   8.48
1561000000,  54.63,   8.40
1562000000,  54.63,   8.39
1563000000,  54.63,   8.49
1564000000,  54.63,   8.55
1565000000,  54.63,   8.48
1566000000,  54.62,   8.50
1567000000,  54.61,   8.43
1568000000,  54.61,   8.52
1569000000,  54.63,   8.48
1570000000,  54.61,   8.42
1571000000,  54.60,   8.34
1572000000,  54.61,   8.46
1573000000,  54.61,   8.52
1574000000,  54.60,   8.41
1575000000,  54.59,   8.43
1576000000,  54.60,   8.66
1577000000,  54.59,   8.60
1578000000,  54.59,   8.60
1579000000,  54.59,   8.58
1580000000,  54.58,   8.47
1581000000,  54.58,   8.54
1582000000,  54.57,   8.56
1583000000,  54.56,   8.62
1584000000,  54.57,   8.58
1585000000,  54.56,   8.61
1586000000,  54.56,   8.58
1587000000,  54.56,   8.64
1588000000,  54.55,   8.75
1589000000,  54.54,   8.67
1590000000,  54.54,   8.67
1591000000,  54.54,   8.67
1592000000,  54.53,   8.63
1593000000,  54.52,   8.68
1594000000,  54.52,   8.71
1595000000,  54.52,   8.71
1596000000,  54.51,   8.69
1597000000,  54.50,   8.72
1598000000,  54.49,   8.83
1599000000,  54.48,   8.77
1600000000,  54.49,   8.68
1601000000,  54.48,   8.75
1602000000,  54.47,   8.77
1603000000,  54.47,   8.78
1604000000,  54.46,   8.85
1605000000,  54.45,   8.91
1606000000,  54.44,   8.81
1607000000,  54.44,   8.62
1608000000,  54.44,   8.66
1609000000,  54.43,   8.83
1610000000,  54.42,   8.79
1611000000,  54.42,   8.70
1612000000,  54.41,   8.69
1613000000,  54.39,   8.74
1614000000,  54.40,   8.74
1615000000,  54.38,   8.70
1616000000,  54.37,   8.73
1617000000,  54.37,   8.70
1618000000,  54.37,   8.72
1619000000,  54.37,   8.75
1620000000,  54.35,   8.75
1621000000,  54.34,   8.81
1622000000,  54.35,   8.86
1623000000,  54.34,   8.80
1624000000,  54.33,   8.77
1625000000,  54.33,   8.83
1626000000,  54.32,   8.82
1627000000,  54.32,   8.77
1628000000,  54.31,   8.67
1629000000,  54.30,   8.64
1630000000,  54.30,   8.64
1631000000,  54.31,   8.69
1632000000,  54.29,   8.68
1633000000,  54.29,   8.64
1634000000,  54.28,   8.60
1635000000,  54.28,   8.62
1636000000,  54.28,   8.65
1637000000,  54.28,   8.57
1638000000,  54.27,   8.48
1639000000,  54.27,   8.49
1640000000,  54.27,   8.53
1641000000,  54.28,   8.46
1642000000,  54.27,   8.36
1643000000,  54.27,   8.39
1644000000,  54.25,   8.46
1645000000,  54.25,   8.49
1646000000,  54.26,   8.39
1647000000,  54.26,   8.30
1648000000,  54.25,   8.41
1649000000,  54.25,   8.39
1650000000,  54.26,   8.27
1651000000,  54.26,   8.28
1652000000,  54.26,   8.31
1653000000,  54.25,   8.37
1654000000,  54.25,   8.42
1655000000,  54.25,   8.29
1656000000,  54.24,   8.27
1657000000,  54.25,   8.34
1658000000,  54.25,   8.35
1659000000,  54.25,   8.28
1660000000,  54.25,   8.31
1661000000,  54.25,   8.41
1662000000,  54.25,   8.35
1663000000,  54.26,   8.31
1664000000,  54.25,   8.38
1665000000,  54.26,   8.41
1666000000,  54.25,   8.39
1667000000,  54.25,   8.41
1668000000,  54.25,   8.47
1669000000,  54.24,   8.48
1670000000,  54.23,   8.50
