% f (Hz),G_rec (dB),T_e_rec (K)
 900000000,  57.20,   7.05
 901000000,  57.18,   7.25
 902000000,  57.17,   7.13
 903000000,  57.15,   7.09
 904000000,  57.12,   7.03
 905000000,  57.11,   7.18
 906000000,  57.09,   7.17
 907000000,  57.07,   6.95
 908000000,  57.05,   6.94
 909000000,  57.04,   7.33
 910000000,  57.02,   7.06
 911000000,  57.00,   6.85
 912000000,  56.98,   7.05
 913000000,  56.96,   7.07
 914000000,  56.95,   6.96
 915000000,  56.93,   7.09
 916000000,  56.92,   6.95
 917000000,  56.91,   6.88
 918000000,  56.90,   6.91
 919000000,  56.90,   6.98
 920000000,  56.89,   6.80
 921000000,  56.88,   6.97
 922000000,  56.88,   7.03
 923000000,  56.87,   6.68
 924000000,  56.86,   6.91
 925000000,  56.87,   6.87
 926000000,  56.86,   6.85
 927000000,  56.86,   6.94
 928000000,  56.86,   6.90
 929000000,  56.86,   7.03
 930000000,  56.86,   6.91
 931000000,  56.86,   6.92
 932000000,  56.87,   6.79
 933000000,  56.87,   6.89
 934000000,  56.87,   6.93
 935000000,  56.88,   6.86
 936000000,  56.88,   6.77
 937000000,  56.89,   6.83
 938000000,  56.89,   6.76
 939000000,  56.89,   6.81
 940000000,  56.89,   6.69
 941000000,  56.90,   6.82
 942000000,  56.91,   6.60
 943000000,  56.91,   6.60
 944000000,  56.91,   6.62
 945000000,  56.92,   6.62
 946000000,  56.92,   6.74
 947000000,  56.92,   6.60
 948000000,  56.92,   6.56
 949000000,  56.92,   6.67
 950000000,  56.93,   6.51
 951000000,  56.93,   6.73
 952000000,  56.93,   6.66
 953000000,  56.92,   6.48
 954000000,  56.92,   6.63
 955000000,  56.91,   6.64
 956000000,  56.92,   6.48
 957000000,  56.92,   6.46
 958000000,  56.91,   6.77
 959000000,  56.91,   6.49
 960000000,  56.90,   6.65
 961000000,  56.89,   6.62
 962000000,  56.88,   6.50
 963000000,  56.88,   6.46
 964000000,  56.87,   6.37
 965000000,  56.85,   6.43
 966000000,  56.84,   6.35
 967000000,  56.82,   6.52
 968000000,  56.82,   6.48
 969000000,  56.80,   6.61
 970000000,  56.79,   6.54
 971000000,  56.77,   6.44
 972000000,  56.76,   6.56
 973000000,  56.75,   6.65
 974000000,  56.71,   6.69
 975000000,  56.71,   6.48
 976000000,  56.70,   6.54
 977000000,  56.68,   6.68
 978000000,  56.67,   6.47
 979000000,  56.65,   6.63
 980000000,  56.64,   6.59
 981000000,  56.62,   6.49
 982000000,  56.60,   6.58
 983000000,  56.59,   6.56
 984000000,  56.57,   6.45
 985000000,  56.57,   6.79
 986000000,  56.55,   6.74
 987000000,  56.54,   6.68
 988000000,  56.53,   6.73
 989000000,  56.51,   6.88
 990000000,  56.50,   6.64
 991000000,  56.48,   6.74
 992000000,  56.47,   6.59
 993000000,  56.46,   6.77
 994000000,  56.45,   6.74
 995000000,  56.43,   6.87
 996000000,  56.43,   6.91
 997000000,  56.42,   6.73
 998000000,  56.41,   6.83
 999000000,  56.41,   6.85
1000000000,  56.39,   6.78
1001000000,  56.39,   7.01
1002000000,  56.38,   6.99
1003000000,  56.38,   7.00
1004000000,  56.37,   6.90
1005000000,  56.36,   6.93
1006000000,  56.37,   6.94
1007000000,  56.35,   7.00
1008000000,  56.36,   6.93
1009000000,  56.36,   7.08
1010000000,  56.34,   6.95
1011000000,  56.36,   7.06
1012000000,  56.35,   7.02
1013000000,  56.36,   6.99
1014000000,  56.36,   7.25
1015000000,  56.35,   7.29
1016000000,  56.35,   7.12
1017000000,  56.36,   7.04
1018000000,  56.37,   7.31
1019000000,  56.37,   7.20
1020000000,  56.38,   7.17
1021000000,  56.38,   7.37
1022000000,  56.38,   7.29
1023000000,  56.39,   7.31
1024000000,  56.39,   7.35
1025000000,  56.40,   7.32
1026000000,  56.40,   7.29
1027000000,  56.40,   7.40
1028000000,  56.40,   7.17
1029000000,  56.42,   7.56
1030000000,  56.43,   7.55
1031000000,  56.43,   7.34
1032000000,  56.45,   7.46
1033000000,  56.44,   7.43
1034000000,  56.44,   7.38
1035000000,  56.46,   7.29
1036000000,  56.46,   7.42
1037000000,  56.47,   7.37
1038000000,  56.48,   7.31
1039000000,  56.48,   7.32
1040000000,  56.50,   7.52
1041000000,  56.51,   7.41
1042000000,  56.51,   7.40
1043000000,  56.52,   7.59
1044000000,  56.52,   7.31
1045000000,  56.53,   7.47
1046000000,  56.53,   7.35
1047000000,  56.53,   7.42
1048000000,  56.54,   7.43
1049000000,  56.54,   7.36
1050000000,  56.53,   7.42
1051000000,  56.54,   7.33
1052000000,  56.54,   7.34
1053000000,  56.55,   7.43
1054000000,  56.53,   7.55
1055000000,  56.54,   7.10
1056000000,  56.53,   7.37
1057000000,  56.54,   7.17
1058000000,  56.53,   7.29
1059000000,  56.52,   7.44
1060000000,  56.51,   7.25
1061000000,  56.51,   7.50
1062000000,  56.51,   7.23
1063000000,  56.50,   7.32
1064000000,  56.50,   7.29
1065000000,  56.50,   7.26
1066000000,  56.49,   7.39
1067000000,  56.49,   7.40
1068000000,  56.48,   7.30
1069000000,  56.47,   7.30
1070000000,  56.47,   7.38
1071000000,  56.46,   7.34
1072000000,  56.45,   7.26
1073000000,  56.43,   7.30
1074000000,  56.42,   7.30
1075000000,  56.42,   7.29
1076000000,  56.40,   7.48
1077000000,  56.39,   7.21
1078000000,  56.39,   7.47
1079000000,  56.38,   7.46
1080000000,  56.37,   7.42
1081000000,  56.36,   7.31
1082000000,  56.35,   7.22
1083000000,  56.34,   7.28
1084000000,  56.33,   7.40
1085000000,  56.32,   7.18
1086000000,  56.31,   7.41
1087000000,  56.29,   7.40
1088000000,  56.30,   7.34
1089000000,  56.29,   7.34
1090000000,  56.28,   7.49
1091000000,  56.27,   7.45
1092000000,  56.27,   7.60
1093000000,  56.25,   7.48
1094000000,  56.26,   7.38
1095000000,  56.24,   7.57
1096000000,  56.24,   7.45
1097000000,  56.25,   7.43
1098000000,  56.24,   7.37
1099000000,  56.23,   7.37
1100000000,  56.22,   7.67
1101000000,  56.21,   7.48
1102000000,  56.22,   7.57
1103000000,  56.21,   7.41
1104000000,  56.22,   7.47
1105000000,  56.19,   7.43
1106000000,  56.20,   7.56
1107000000,  56.19,   7.45
1108000000,  56.20,   7.50
1109000000,  56.20,   7.56
1110000000,  56.20,   7.67
1111000000,  56.21,   7.44
1112000000,  56.21,   7.53
1113000000,  56.21,   7.54
1114000000,  56.20,   7.67
1115000000,  56.21,   7.66
1116000000,  56.22,   7.57
1117000000,  56.23,   7.64
1118000000,  56.22,   7.67
1119000000,  56.23,   7.67
1120000000,  56.24,   7.56
1121000000,  56.24,   7.65
1122000000,  56.25,   7.52
1123000000,  56.26,   7.46
1124000000,  56.25,   7.59
1125000000,  56.27,   7.66
1126000000,  56.28,   7.82
1127000000,  56.29,   7.63
1128000000,  56.30,   7.56
1129000000,  56.31,   7.73
1130000000,  56.31,   7.50
1131000000,  56.33,   7.54
1132000000,  56.34,   7.52
1133000000,  56.35,   7.59
1134000000,  56.36,   7.58
1135000000,  56.38,   7.69
1136000000,  56.38,   7.57
1137000000,  56.39,   7.61
1138000000,  56.41,   7.48
1139000000,  56.41,   7.58
1140000000,  56.42,   7.49
1141000000,  56.43,   7.57
1142000000,  56.44,   7.58
1143000000,  56.46,   7.56
1144000000,  56.47,   7.67
1145000000,  56.48,   7.65
1146000000,  56.49,   7.59
1147000000,  56.50,   7.66
1148000000,  56.51,   7.82
1149000000,  56.52,   7.58
1150000000,  56.54,   7.55
1151000000,  56.54,   7.51
1152000000,  56.55,   7.47
1153000000,  56.55,   7.39
1154000000,  56.58,   7.41
1155000000,  56.57,   7.50
1156000000,  56.59,   7.48
1157000000,  56.59,   7.62
1158000000,  56.60,   7.47
1159000000,  56.60,   7.64
1160000000,  56.60,   7.38
1161000000,  56.60,   7.49
1162000000,  56.61,   7.29
1163000000,  56.61,   7.51
1164000000,  56.60,   7.40
1165000000,  56.61,   7.40
1166000000,  56.59,   7.40
1167000000,  56.60,   7.26
1168000000,  56.59,   7.47
1169000000,  56.59,   7.41
1170000000,  56.59,   7.42
1171000000,  56.60,   7.36
1172000000,  56.60,   7.46
1173000000,  56.59,   7.34
1174000000,  56.59,   7.71
1175000000,  56.58,   7.28
1176000000,  56.58,   7.52
1177000000,  56.57,   7.27
1178000000,  56.57,   7.50
1179000000,  56.57,   7.31
1180000000,  56.55,   7.30
1181000000,  56.55,   7.48
1182000000,  56.54,   7.42
1183000000,  56.54,   7.36
1184000000,  56.52,   7.41
1185000000,  56.51,   7.49
1186000000,  56.50,   7.40
1187000000,  56.48,   7.46
1188000000,  56.47,   7.17
1189000000,  56.47,   7.39
1190000000,  56.46,   7.42
1191000000,  56.44,   7.57
1192000000,  56.43,   7.42
1193000000,  56.41,   7.53
1194000000,  56.40,   7.62
1195000000,  56.39,   7.58
1196000000,  56.38,   7.56
1197000000,  56.36,   7.66
1198000000,  56.35,   7.55
1199000000,  56.34,   7.43
1200000000,  56.31,   7.59
1201000000,  56.31,   7.57
1202000000,  56.30,   7.46
1203000000,  56.29,   7.66
1204000000,  56.28,   7.72
1205000000,  56.27,   7.51
1206000000,  56.26,   7.71
1207000000,  56.24,   7.79
1208000000,  56.22,   7.70
1209000000,  56.22,   7.77
1210000000,  56.21,   7.67
1211000000,  56.20,   7.57
1212000000,  56.19,   7.74
1213000000,  56.18,   7.70
1214000000,  56.17,   7.74
1215000000,  56.15,   7.82
1216000000,  56.15,   7.78
1217000000,  56.14,   7.81
1218000000,  56.13,   7.86
1219000000,  56.13,   7.60
1220000000,  56.13,   7.71
1221000000,  56.12,   7.85
1222000000,  56.12,   7.79
1223000000,  56.11,   7.73
1224000000,  56.11,   7.71
1225000000,  56.11,   7.85
1226000000,  56.12,   7.80
1227000000,  56.11,   7.87
1228000000,  56.10,   7.81
1229000000,  56.10,   7.65
1230000000,  56.12,   7.83
1231000000,  56.11,   7.89
1232000000,  56.10,   7.88
1233000000,  56.11,   7.98
1234000000,  56.10,   8.08
1235000000,  56.11,   8.07
1236000000,  56.12,   7.87
1237000000,  56.12,   7.87
1238000000,  56.12,   8.00
1239000000,  56.13,   8.02
1240000000,  56.14,   8.08
1241000000,  56.15,   7.90
1242000000,  56.16,   7.93
1243000000,  56.16,   7.98
1244000000,  56.16,   7.92
1245000000,  56.17,   8.07
1246000000,  56.18,   7.84
1247000000,  56.19,   7.70
1248000000,  56.20,   7.82
1249000000,  56.21,   7.90
1250000000,  56.21,   7.80
1251000000,  56.21,   7.84
1252000000,  56.22,   7.77
1253000000,  56.23,   7.78
1254000000,  56.24,   7.74
1255000000,  56.26,   7.70
1256000000,  56.27,   7.82
1257000000,  56.27,   7.83
1258000000,  56.28,   7.64
1259000000,  56.29,   7.48
1260000000,  56.31,   7.65
1261000000,  56.32,   7.76
1262000000,  56.33,   7.67
1263000000,  56.34,   7.71
1264000000,  56.36,   7.71
1265000000,  56.38,   7.56
1266000000,  56.40,   7.45
1267000000,  56.40,   7.46
1268000000,  56.42,   7.60
1269000000,  56.44,   7.56
1270000000,  56.44,   7.58
1271000000,  56.46,   7.60
1272000000,  56.48,   7.50
1273000000,  56.48,   7.44
1274000000,  56.50,   7.62
1275000000,  56.52,   7.44
1276000000,  56.53,   7.38
1277000000,  56.54,   7.26
1278000000,  56.56,   7.59
1279000000,  56.57,   7.46
1280000000,  56.58,   7.55
1281000000,  56.59,   7.43
1282000000,  56.61,   7.23
1283000000,  56.61,   7.39
1284000000,  56.63,   7.35
1285000000,  56.63,   7.27
1286000000,  56.64,   7.47
1287000000,  56.66,   7.44
1288000000,  56.68,   7.35
1289000000,  56.68,   7.09
1290000000,  56.68,   7.27
1291000000,  56.70,   7.27
1292000000,  56.71,   7.21
1293000000,  56.70,   7.19
1294000000,  56.73,   7.20
1295000000,  56.73,   7.12
1296000000,  56.73,   7.05
1297000000,  56.74,   7.17
1298000000,  56.74,   7.15
1299000000,  56.75,   6.98
1300000000,  56.76,   7.11
1301000000,  56.76,   7.15
1302000000,  56.76,   7.15
1303000000,  56.77,   6.97
1304000000,  56.77,   7.06
1305000000,  56.78,   7.16
1306000000,  56.76,   7.16
1307000000,  56.77,   6.98
1308000000,  56.77,   7.02
1309000000,  56.76,   6.98
1310000000,  56.77,   7.03
1311000000,  56.75,   6.89
1312000000,  56.76,   6.91
1313000000,  56.76,   6.88
1314000000,  56.75,   6.85
1315000000,  56.74,   6.89
1316000000,  56.74,   6.84
1317000000,  56.74,   6.86
1318000000,  56.73,   6.76
1319000000,  56.74,   6.94
1320000000,  56.72,   6.90
1321000000,  56.72,   6.82
1322000000,  56.70,   6.98
1323000000,  56.71,   6.94
1324000000,  56.70,   6.84
1325000000,  56.68,   6.90
1326000000,  56.68,   6.74
1327000000,  56.67,   6.89
1328000000,  56.67,   6.90
1329000000,  56.66,   6.77
1330000000,  56.65,   6.94
1331000000,  56.65,   6.96
1332000000,  56.64,   6.90
1333000000,  56.63,   6.99
1334000000,  56.62,   6.74
1335000000,  56.61,   6.93
1336000000,  56.60,   6.97
1337000000,  56.59,   6.89
1338000000,  56.58,   6.91
1339000000,  56.57,   7.11
1340000000,  56.56,   7.09
1341000000,  56.55,   7.04
1342000000,  56.55,   6.99
1343000000,  56.53,   7.08
1344000000,  56.52,   6.96
1345000000,  56.51,   7.09
1346000000,  56.50,   7.28
1347000000,  56.49,   7.26
1348000000,  56.47,   7.09
1349000000,  56.48,   7.19
1350000000,  56.46,   7.23
1351000000,  56.46,   7.13
1352000000,  56.45,   7.19
1353000000,  56.44,   7.19
1354000000,  56.44,   7.11
1355000000,  56.43,   7.22
1356000000,  56.42,   7.24
1357000000,  56.43,   7.25
1358000000,  56.40,   7.41
1359000000,  56.39,   7.35
1360000000,  56.40,   7.22
1361000000,  56.39,   7.33
1362000000,  56.38,   7.41
1363000000,  56.38,   7.31
1364000000,  56.37,   7.30
1365000000,  56.37,   7.28
1366000000,  56.37,   7.35
1367000000,  56.36,   7.54
1368000000,  56.35,   7.34
1369000000,  56.34,   7.40
1370000000,  56.34,   7.56
1371000000,  56.33,   7.49
1372000000,  56.33,   7.47
1373000000,  56.32,   7.48
1374000000,  56.32,   7.46
1375000000,  56.32,   7.66
1376000000,  56.31,   7.65
1377000000,  56.32,   7.51
1378000000,  56.31,   7.51
1379000000,  56.31,   7.55
1380000000,  56.31,   7.58
1381000000,  56.31,   7.66
1382000000,  56.31,   7.43
1383000000,  56.31,   7.54
1384000000,  56.31,   7.63
1385000000,  56.31,   7.56
1386000000,  56.31,   7.77
1387000000,  56.30,   7.64
1388000000,  56.31,   7.56
1389000000,  56.31,   7.50
1390000000,  56.30,   7.85
1391000000,  56.31,   7.70
1392000000,  56.30,   7.67
1393000000,  56.30,   7.58
1394000000,  56.31,   7.54
1395000000,  56.31,   7.59
1396000000,  56.31,   7.61
1397000000,  56.30,   7.51
1398000000,  56.30,   7.56
1399000000,  56.31,   7.45
1400000000,  56.31,   7.38
1401000000,  56.33,   7.50
1402000000,  56.32,   7.54
1403000000,  56.32,   7.51
1404000000,  56.33,   7.33
1405000000,  56.33,   7.37
1406000000,  56.32,   7.41
1407000000,  56.33,   7.36
1408000000,  56.34,   7.34
1409000000,  56.33,   7.23
1410000000,  56.33,   7.29
1411000000,  56.33,   7.29
1412000000,  56.34,   7.17
1413000000,  56.33,   7.46
1414000000,  56.33,   7.33
1415000000,  56.33,   7.26
1416000000,  56.33,   7.41
1417000000,  56.32,   7.33
1418000000,  56.31,   7.17
1419000000,  56.31,   7.28
1420000000,  56.30,   7.28
1421000000,  56.30,   7.46
1422000000,  56.29,   7.42
1423000000,  56.30,   7.56
1424000000,  56.29,   7.45
1425000000,  56.29,   7.31
1426000000,  56.29,   7.40
1427000000,  56.28,   7.35
1428000000,  56.28,   7.55
1429000000,  56.28,   7.46
1430000000,  56.28,   7.47
1431000000,  56.28,   7.30
1432000000,  56.27,   7.37
1433000000,  56.27,   7.52
1434000000,  56.27,   7.33
1435000000,  56.26,   7.49
1436000000,  56.25,   7.57
1437000000,  56.25,   7.55
1438000000,  56.25,   7.73
1439000000,  56.24,   7.54
1440000000,  56.24,   7.66
1441000000,  56.23,   7.95
1442000000,  56.23,   7.93
1443000000,  56.21,   7.87
1444000000,  56.21,   7.83
1445000000,  56.21,   7.96
1446000000,  56.20,   8.08
1447000000,  56.19,   7.81
1448000000,  56.18,   8.02
1449000000,  56.18,   7.89
1450000000,  56.17,   7.86
1451000000,  56.17,   7.80
1452000000,  56.16,   7.78
1453000000,  56.14,   7.78
1454000000,  56.14,   7.66
1455000000,  56.14,   7.77
1456000000,  56.13,   7.75
1457000000,  56.12,   7.56
1458000000,  56.11,   7.52
1459000000,  56.10,   7.48
1460000000,  56.09,   7.51
1461000000,  56.09,   7.47
1462000000,  56.08,   7.57
1463000000,  56.06,   7.35
1464000000,  56.05,   7.27
1465000000,  56.04,   7.56
1466000000,  56.03,   7.37
1467000000,  56.02,   7.37
1468000000,  56.02,   7.21
1469000000,  56.00,   7.27
1470000000,  55.99,   7.35
1471000000,  55.98,   7.43
1472000000,  55.97,   7.37
1473000000,  55.96,   7.61
1474000000,  55.95,   7.47
1475000000,  55.94,   7.40
1476000000,  55.92,   7.41
1477000000,  55.93,   7.52
1478000000,  55.90,   7.42
1479000000,  55.90,   7.62
1480000000,  55.89,   7.46
1481000000,  55.89,   7.52
1482000000,  55.88,   7.54
1483000000,  55.88,   7.71
1484000000,  55.85,   7.50
1485000000,  55.85,   7.40
1486000000,  55.84,   7.55
1487000000,  55.83,   7.71
1488000000,  55.83,   7.58
1489000000,  55.81,   7.60
1490000000,  55.80,   7.74
1491000000,  55.80,   7.63
1492000000,  55.78,   7.75
1493000000,  55.78,   7.85
1494000000,  55.77,   7.69
1495000000,  55.76,   7.68
1496000000,  55.75,   7.65
1497000000,  55.74,   7.75
1498000000,  55.73,   7.95
1499000000,  55.72,   7.84
1500000000,  55.70,   7.86
1501000000,  55.70,   7.87
1502000000,  55.70,   7.72
1503000000,  55.69,   7.90
1504000000,  55.68,   7.78
1505000000,  55.68,   7.74
1506000000,  55.67,   7.91
1507000000,  55.67,   7.86
1508000000,  55.67,   7.90
1509000000,  55.65,   7.81
1510000000,  55.66,   7.63
1511000000,  55.65,   7.87
1512000000,  55.66,   7.82
1513000000,  55.65,   7.70
1514000000,  55.65,   7.87
1515000000,  55.64,   7.77
1516000000,  55.64,   7.74
1517000000,  55.64,   7.78
1518000000,  55.64,   7.75
1519000000,  55.64,   7.70
1520000000,  55.64,   7.95
1521000000,  55.63,   7.87
1522000000,  55.63,   7.93
1523000000,  55.63,   7.86
1524000000,  55.63,   7.69
1525000000,  55.63,   7.90
1526000000,  55.63,   7.73
1527000000,  55.63,   7.85
1528000000,  55.63,   7.85
1529000000,  55.63,   7.75
1530000000,  55.62,   7.83
1531000000,  55.63,   7.92
1532000000,  55.63,   7.93
1533000000,  55.62,   7.70
1534000000,  55.63,   7.70
1535000000,  55.63,   7.83
1536000000,  55.62,   7.87
1537000000,  55.63,   7.85
1538000000,  55.63,   7.66
1539000000,  55.62,   7.78
1540000000,  55.62,   7.74
1541000000,  55.62,   7.73
1542000000,  55.62,   7.83
1543000000,  55.61,   7.70
1544000000,  55.61,   7.82
1545000000,  55.60,   7.78
1546000000,  55.61,   7.65
1547000000,  55.61,   7.76
1548000000,  55.60,   7.66
1549000000,  55.60,   7.67
1550000000,  55.61,   7.71
1551000000,  55.59,   7.56
1552000000,  55.59,   7.52
1553000000,  55.59,   7.62
1554000000,  55.58,   7.69
1555000000,  55.58,   7.53
1556000000,  55.58,   7.52
1557000000,  55.58,   7.63
1558000000,  55.57,   7.34
1559000000,  55.56,   7.45
1560000000,  55.56,   7.58
1561000000,  55.55,   7.60
1562000000,  55.55,   7.39
1563000000,  55.54,   7.64
1564000000,  55.53,   7.39
1565000000,  55.53,   7.38
1566000000,  55.52,   7.32
1567000000,  55.50,   7.41
1568000000,  55.50,   7.30
1569000000,  55.52,   7.47
1570000000,  55.49,   7.32
1571000000,  55.48,   7.50
1572000000,  55.48,   7.47
1573000000,  55.48,   7.37
1574000000,  55.46,   7.46
1575000000,  55.45,   7.42
1576000000,  55.45,   7.38
1577000000,  55.43,   7.35
1578000000,  55.42,   7.34
1579000000,  55.42,   7.42
1580000000,  55.41,   7.55
1581000000,  55.40,   7.52
1582000000,  55.38,   7.44
1583000000,  55.37,   7.62
1584000000,  55.36,   7.60
1585000000,  55.36,   7.52
1586000000,  55.35,   7.55
1587000000,  55.34,   7.63
1588000000,  55.33,   7.54
1589000000,  55.31,   7.69
1590000000,  55.30,   7.64
1591000000,  55.30,   7.57
1592000000,  55.28,   7.61
1593000000,  55.26,   7.55
1594000000,  55.26,   7.69
1595000000,  55.25,   7.80
1596000000,  55.24,   7.71
1597000000,  55.22,   7.87
1598000000,  55.21,   7.80
1599000000,  55.19,   7.83
1600000000,  55.20,   7.72
1601000000,  55.18,   7.86
1602000000,  55.16,   8.07
1603000000,  55.15,   7.74
1604000000,  55.14,   7.72
1605000000,  55.13,   7.90
1606000000,  55.12,   7.90
1607000000,  55.11,   7.91
1608000000,  55.10,   8.09
1609000000,  55.09,   7.96
1610000000,  55.07,   8.06
1611000000,  55.07,   7.86
1612000000,  55.05,   8.22
1613000000,  55.03,   8.09
1614000000,  55.03,   8.11
1615000000,  55.02,   8.16
1616000000,  55.00,   8.06
1617000000,  54.99,   8.17
1618000000,  54.98,   8.21
1619000000,  54.98,   8.37
1620000000,  54.96,   8.38
1621000000,  54.94,   8.36
1622000000,  54.94,   8.59
1623000000,  54.93,   8.34
1624000000,  54.92,   8.37
1625000000,  54.91,   8.26
1626000000,  54.90,   8.48
1627000000,  54.90,   8.49
1628000000,  54.89,   8.47
1629000000,  54.88,   8.30
1630000000,  54.87,   8.38
1631000000,  54.88,   8.51
1632000000,  54.86,   8.53
1633000000,  54.86,   8.44
1634000000,  54.84,   8.45
1635000000,  54.84,   8.55
1636000000,  54.84,   8.53
1637000000,  54.83,   8.49
1638000000,  54.82,   8.56
1639000000,  54.81,   8.48
1640000000,  54.80,   8.39
1641000000,  54.80,   8.46
1642000000,  54.78,   8.33
1643000000,  54.78,   8.44
1644000000,  54.76,   8.58
1645000000,  54.75,   8.51
1646000000,  54.76,   8.48
1647000000,  54.75,   8.43
1648000000,  54.73,   8.60
1649000000,  54.73,   8.86
1650000000,  54.73,   8.65
1651000000,  54.73,   8.45
1652000000,  54.72,   8.71
1653000000,  54.71,   8.69
1654000000,  54.71,   8.58
1655000000,  54.71,   8.49
1656000000,  54.70,   8.73
1657000000,  54.70,   8.55
1658000000,  54.70,   8.67
1659000000,  54.69,   8.93
1660000000,  54.69,   8.83
1661000000,  54.69,   8.66
1662000000,  54.69,   8.59
1663000000,  54.70,   8.92
1664000000,  54.68,   8.93
1665000000,  54.69,   8.87
1666000000,  54.68,   8.89
1667000000,  54.68,   8.91
1668000000,  54.69,   9.02
1669000000,  54.68,   9.11
1670000000,  54.67,   9.11
