% f (Hz),   G_rec (dB), T_e_rec (K) 
 900000000,  55.23,   8.40
 901000000,  55.21,   8.48
 902000000,  55.19,   8.46
 903000000,  55.17,   8.36
 904000000,  55.12,   8.36
 905000000,  55.11,   8.36
 906000000,  55.09,   8.29
 907000000,  55.06,   8.22
 908000000,  55.04,   8.24
 909000000,  55.03,   8.37
 910000000,  55.00,   8.29
 911000000,  54.98,   8.11
 912000000,  54.97,   8.09
 913000000,  54.94,   8.10
 914000000,  54.93,   8.01
 915000000,  54.91,   7.98
 916000000,  54.90,   8.03
 917000000,  54.89,   7.94
 918000000,  54.88,   7.95
 919000000,  54.88,   7.95
 920000000,  54.87,   7.95
 921000000,  54.86,   7.95
 922000000,  54.85,   7.91
 923000000,  54.84,   7.94
 924000000,  54.82,   7.97
 925000000,  54.83,   8.02
 926000000,  54.81,   8.00
 927000000,  54.82,   7.96
 928000000,  54.82,   7.89
 929000000,  54.83,   7.83
 930000000,  54.83,   7.82
 931000000,  54.84,   7.83
 932000000,  54.85,   7.81
 933000000,  54.86,   7.85
 934000000,  54.87,   7.90
 935000000,  54.88,   7.90
 936000000,  54.89,   7.82
 937000000,  54.90,   7.87
 938000000,  54.92,   7.92
 939000000,  54.93,   7.85
 940000000,  54.94,   7.81
 941000000,  54.95,   7.80
 942000000,  54.98,   7.88
 943000000,  54.99,   7.93
 944000000,  55.00,   7.78
 945000000,  55.02,   7.70
 946000000,  55.03,   7.73
 947000000,  55.04,   7.74
 948000000,  55.05,   7.76
 949000000,  55.07,   7.68
 950000000,  55.08,   7.61
 951000000,  55.09,   7.61
 952000000,  55.11,   7.61
 953000000,  55.11,   7.56
 954000000,  55.12,   7.53
 955000000,  55.12,   7.57
 956000000,  55.14,   7.57
 957000000,  55.14,   7.52
 958000000,  55.15,   7.55
 959000000,  55.15,   7.54
 960000000,  55.14,   7.47
 961000000,  55.14,   7.40
 962000000,  55.14,   7.43
 963000000,  55.14,   7.53
 964000000,  55.13,   7.44
 965000000,  55.13,   7.35
 966000000,  55.12,   7.30
 967000000,  55.11,   7.28
 968000000,  55.11,   7.31
 969000000,  55.10,   7.24
 970000000,  55.10,   7.13
 971000000,  55.09,   7.21
 972000000,  55.08,   7.14
 973000000,  55.08,   7.09
 974000000,  55.06,   7.12
 975000000,  55.06,   7.18
 976000000,  55.05,   7.10
 977000000,  55.03,   7.09
 978000000,  55.02,   7.10
 979000000,  55.00,   7.01
 980000000,  54.99,   6.90
 981000000,  54.98,   6.96
 982000000,  54.96,   7.07
 983000000,  54.95,   7.12
 984000000,  54.92,   7.05
 985000000,  54.92,   6.93
 986000000,  54.90,   6.97
 987000000,  54.89,   7.02
 988000000,  54.88,   7.04
 989000000,  54.86,   7.08
 990000000,  54.84,   6.99
 991000000,  54.83,   7.01
 992000000,  54.81,   7.07
 993000000,  54.80,   7.09
 994000000,  54.78,   7.12
 995000000,  54.77,   7.09
 996000000,  54.76,   7.06
 997000000,  54.75,   7.09
 998000000,  54.74,   7.13
 999000000,  54.74,   7.16
1000000000,  54.72,   7.17
1001000000,  54.72,   7.14
1002000000,  54.71,   7.13
1003000000,  54.71,   7.14
1004000000,  54.70,   7.18
1005000000,  54.69,   7.11
1006000000,  54.70,   7.20
1007000000,  54.69,   7.20
1008000000,  54.70,   7.19
1009000000,  54.70,   7.33
1010000000,  54.68,   7.39
1011000000,  54.70,   7.43
1012000000,  54.69,   7.29
1013000000,  54.70,   7.28
1014000000,  54.71,   7.28
1015000000,  54.71,   7.35
1016000000,  54.71,   7.38
1017000000,  54.72,   7.40
1018000000,  54.74,   7.46
1019000000,  54.73,   7.38
1020000000,  54.75,   7.44
1021000000,  54.76,   7.54
1022000000,  54.76,   7.53
1023000000,  54.78,   7.57
1024000000,  54.79,   7.55
1025000000,  54.80,   7.45
1026000000,  54.81,   7.55
1027000000,  54.83,   7.54
1028000000,  54.83,   7.58
1029000000,  54.85,   7.59
1030000000,  54.87,   7.58
1031000000,  54.88,   7.61
1032000000,  54.90,   7.66
1033000000,  54.90,   7.69
1034000000,  54.90,   7.52
1035000000,  54.92,   7.59
1036000000,  54.93,   7.67
1037000000,  54.94,   7.67
1038000000,  54.96,   7.56
1039000000,  54.96,   7.53
1040000000,  54.98,   7.57
1041000000,  55.00,   7.60
1042000000,  55.01,   7.70
1043000000,  55.03,   7.70
1044000000,  55.04,   7.61
1045000000,  55.05,   7.62
1046000000,  55.06,   7.55
1047000000,  55.07,   7.45
1048000000,  55.08,   7.41
1049000000,  55.09,   7.54
1050000000,  55.09,   7.59
1051000000,  55.10,   7.59
1052000000,  55.11,   7.56
1053000000,  55.13,   7.48
1054000000,  55.12,   7.48
1055000000,  55.14,   7.41
1056000000,  55.14,   7.42
1057000000,  55.15,   7.45
1058000000,  55.15,   7.51
1059000000,  55.15,   7.37
1060000000,  55.15,   7.35
1061000000,  55.16,   7.41
1062000000,  55.16,   7.40
1063000000,  55.16,   7.38
1064000000,  55.16,   7.35
1065000000,  55.16,   7.38
1066000000,  55.15,   7.30
1067000000,  55.16,   7.31
1068000000,  55.16,   7.29
1069000000,  55.15,   7.38
1070000000,  55.15,   7.29
1071000000,  55.14,   7.24
1072000000,  55.13,   7.19
1073000000,  55.12,   7.23
1074000000,  55.11,   7.20
1075000000,  55.11,   7.14
1076000000,  55.09,   7.24
1077000000,  55.08,   7.20
1078000000,  55.08,   7.10
1079000000,  55.07,   7.13
1080000000,  55.05,   7.10
1081000000,  55.05,   7.18
1082000000,  55.03,   7.19
1083000000,  55.03,   7.25
1084000000,  55.03,   7.27
1085000000,  55.02,   7.25
1086000000,  55.03,   7.22
1087000000,  55.01,   7.27
1088000000,  55.03,   7.21
1089000000,  55.03,   7.26
1090000000,  55.02,   7.21
1091000000,  55.00,   7.20
1092000000,  55.00,   7.32
1093000000,  54.98,   7.21
1094000000,  54.98,   7.31
1095000000,  54.97,   7.32
1096000000,  54.96,   7.34
1097000000,  54.96,   7.39
1098000000,  54.95,   7.34
1099000000,  54.95,   7.34
1100000000,  54.94,   7.35
1101000000,  54.93,   7.35
1102000000,  54.94,   7.32
1103000000,  54.93,   7.39
1104000000,  54.94,   7.60
1105000000,  54.91,   7.50
1106000000,  54.92,   7.48
1107000000,  54.91,   7.45
1108000000,  54.92,   7.60
1109000000,  54.92,   7.55
1110000000,  54.92,   7.52
1111000000,  54.93,   7.57
1112000000,  54.93,   7.50
1113000000,  54.94,   7.59
1114000000,  54.93,   7.69
1115000000,  54.94,   7.69
1116000000,  54.95,   7.77
1117000000,  54.96,   7.82
1118000000,  54.96,   7.81
1119000000,  54.96,   7.74
1120000000,  54.97,   7.73
1121000000,  54.98,   7.78
1122000000,  54.99,   7.78
1123000000,  55.00,   7.63
1124000000,  55.00,   7.69
1125000000,  55.02,   7.89
1126000000,  55.04,   7.92
1127000000,  55.05,   7.78
1128000000,  55.07,   7.79
1129000000,  55.08,   7.90
1130000000,  55.09,   7.93
1131000000,  55.11,   7.92
1132000000,  55.13,   7.94
1133000000,  55.14,   8.05
1134000000,  55.16,   7.97
1135000000,  55.18,   7.90
1136000000,  55.19,   7.96
1137000000,  55.21,   7.85
1138000000,  55.23,   7.83
1139000000,  55.24,   7.77
1140000000,  55.26,   7.93
1141000000,  55.28,   7.83
1142000000,  55.29,   7.87
1143000000,  55.32,   7.84
1144000000,  55.34,   7.88
1145000000,  55.36,   7.84
1146000000,  55.37,   7.81
1147000000,  55.39,   7.85
1148000000,  55.41,   7.86
1149000000,  55.43,   7.79
1150000000,  55.45,   7.86
1151000000,  55.47,   7.71
1152000000,  55.47,   7.81
1153000000,  55.49,   7.73
1154000000,  55.53,   7.83
1155000000,  55.53,   7.73
1156000000,  55.56,   7.72
1157000000,  55.57,   7.72
1158000000,  55.59,   7.72
1159000000,  55.60,   7.76
1160000000,  55.62,   7.80
1161000000,  55.63,   7.84
1162000000,  55.65,   7.72
1163000000,  55.67,   7.61
1164000000,  55.67,   7.63
1165000000,  55.69,   7.64
1166000000,  55.69,   7.53
1167000000,  55.71,   7.47
1168000000,  55.71,   7.48
1169000000,  55.72,   7.60
1170000000,  55.73,   7.55
1171000000,  55.75,   7.53
1172000000,  55.75,   7.35
1173000000,  55.76,   7.44
1174000000,  55.76,   7.48
1175000000,  55.76,   7.73
1176000000,  55.77,   7.54
1177000000,  55.77,   7.51
1178000000,  55.78,   7.46
1179000000,  55.78,   7.48
1180000000,  55.78,   7.58
1181000000,  55.78,   7.38
1182000000,  55.78,   7.37
1183000000,  55.79,   7.43
1184000000,  55.78,   7.45
1185000000,  55.77,   7.41
1186000000,  55.77,   7.33
1187000000,  55.75,   7.34
1188000000,  55.75,   7.31
1189000000,  55.75,   7.53
1190000000,  55.75,   7.43
1191000000,  55.74,   7.52
1192000000,  55.74,   7.30
1193000000,  55.72,   7.26
1194000000,  55.72,   7.29
1195000000,  55.71,   7.39
1196000000,  55.71,   7.46
1197000000,  55.70,   7.42
1198000000,  55.69,   7.39
1199000000,  55.70,   7.41
1200000000,  55.68,   7.37
1201000000,  55.68,   7.28
1202000000,  55.67,   7.53
1203000000,  55.66,   7.40
1204000000,  55.64,   7.39
1205000000,  55.63,   7.42
1206000000,  55.61,   7.39
1207000000,  55.58,   7.38
1208000000,  55.56,   7.41
1209000000,  55.55,   7.49
1210000000,  55.53,   7.38
1211000000,  55.52,   7.44
1212000000,  55.51,   7.56
1213000000,  55.49,   7.49
1214000000,  55.48,   7.53
1215000000,  55.46,   7.59
1216000000,  55.45,   7.43
1217000000,  55.44,   7.46
1218000000,  55.43,   7.56
1219000000,  55.43,   7.65
1220000000,  55.42,   7.52
1221000000,  55.41,   7.58
1222000000,  55.40,   7.63
1223000000,  55.39,   7.65
1224000000,  55.38,   7.72
1225000000,  55.38,   7.70
1226000000,  55.38,   7.78
1227000000,  55.37,   7.80
1228000000,  55.36,   7.81
1229000000,  55.36,   7.74
1230000000,  55.37,   7.83
1231000000,  55.36,   7.76
1232000000,  55.36,   7.89
1233000000,  55.37,   7.92
1234000000,  55.36,   7.83
1235000000,  55.37,   7.97
1236000000,  55.37,   7.94
1237000000,  55.37,   8.03
1238000000,  55.37,   7.88
1239000000,  55.38,   7.91
1240000000,  55.38,   7.91
1241000000,  55.38,   8.07
1242000000,  55.39,   8.04
1243000000,  55.39,   7.99
1244000000,  55.39,   8.04
1245000000,  55.39,   7.93
1246000000,  55.40,   7.92
1247000000,  55.41,   8.09
1248000000,  55.42,   7.97
1249000000,  55.44,   8.12
1250000000,  55.43,   8.10
1251000000,  55.44,   8.15
1252000000,  55.45,   8.26
1253000000,  55.47,   8.18
1254000000,  55.48,   8.19
1255000000,  55.49,   8.28
1256000000,  55.51,   8.23
1257000000,  55.51,   8.27
1258000000,  55.53,   8.17
1259000000,  55.54,   8.23
1260000000,  55.56,   8.19
1261000000,  55.58,   8.29
1262000000,  55.58,   8.19
1263000000,  55.60,   8.19
1264000000,  55.62,   8.34
1265000000,  55.64,   8.30
1266000000,  55.67,   8.33
1267000000,  55.67,   8.46
1268000000,  55.70,   8.40
1269000000,  55.72,   8.35
1270000000,  55.73,   8.28
1271000000,  55.76,   8.26
1272000000,  55.78,   8.25
1273000000,  55.80,   8.33
1274000000,  55.83,   8.19
1275000000,  55.85,   8.38
1276000000,  55.87,   8.40
1277000000,  55.88,   8.24
1278000000,  55.91,   8.23
1279000000,  55.93,   8.18
1280000000,  55.94,   8.21
1281000000,  55.97,   8.26
1282000000,  55.99,   8.15
1283000000,  56.00,   8.15
1284000000,  56.02,   8.23
1285000000,  56.04,   8.25
1286000000,  56.05,   8.05
1287000000,  56.08,   8.01
1288000000,  56.11,   8.05
1289000000,  56.12,   8.04
1290000000,  56.13,   7.98
1291000000,  56.16,   8.04
1292000000,  56.17,   7.82
1293000000,  56.17,   7.97
1294000000,  56.21,   7.90
1295000000,  56.22,   7.85
1296000000,  56.23,   7.81
1297000000,  56.25,   7.78
1298000000,  56.26,   7.82
1299000000,  56.28,   7.71
1300000000,  56.30,   7.76
1301000000,  56.31,   7.67
1302000000,  56.32,   7.64
1303000000,  56.33,   7.66
1304000000,  56.34,   7.56
1305000000,  56.36,   7.54
1306000000,  56.35,   7.52
1307000000,  56.37,   7.44
1308000000,  56.38,   7.38
1309000000,  56.37,   7.40
1310000000,  56.40,   7.54
1311000000,  56.39,   7.36
1312000000,  56.40,   7.35
1313000000,  56.41,   7.32
1314000000,  56.41,   7.29
1315000000,  56.41,   7.19
1316000000,  56.42,   7.20
1317000000,  56.42,   7.14
1318000000,  56.43,   7.15
1319000000,  56.44,   7.15
1320000000,  56.44,   7.15
1321000000,  56.43,   7.07
1322000000,  56.43,   7.20
1323000000,  56.44,   7.20
1324000000,  56.43,   7.09
1325000000,  56.43,   7.07
1326000000,  56.43,   7.13
1327000000,  56.43,   7.11
1328000000,  56.43,   7.11
1329000000,  56.42,   7.01
1330000000,  56.41,   6.95
1331000000,  56.41,   7.06
1332000000,  56.40,   6.99
1333000000,  56.40,   7.04
1334000000,  56.39,   6.95
1335000000,  56.38,   7.07
1336000000,  56.38,   6.94
1337000000,  56.37,   7.02
1338000000,  56.36,   7.13
1339000000,  56.36,   6.93
1340000000,  56.35,   7.01
1341000000,  56.34,   7.06
1342000000,  56.34,   6.94
1343000000,  56.32,   7.04
1344000000,  56.32,   7.02
1345000000,  56.31,   7.07
1346000000,  56.31,   7.06
1347000000,  56.30,   7.15
1348000000,  56.28,   7.33
1349000000,  56.28,   7.26
1350000000,  56.27,   7.20
1351000000,  56.26,   7.24
1352000000,  56.26,   7.30
1353000000,  56.25,   7.38
1354000000,  56.24,   7.28
1355000000,  56.23,   7.37
1356000000,  56.22,   7.36
1357000000,  56.22,   7.47
1358000000,  56.19,   7.37
1359000000,  56.17,   7.39
1360000000,  56.17,   7.53
1361000000,  56.16,   7.33
1362000000,  56.14,   7.40
1363000000,  56.13,   7.55
1364000000,  56.12,   7.54
1365000000,  56.12,   7.57
1366000000,  56.12,   7.62
1367000000,  56.12,   7.36
1368000000,  56.11,   7.45
1369000000,  56.10,   7.42
1370000000,  56.10,   7.54
1371000000,  56.10,   7.49
1372000000,  56.10,   7.49
1373000000,  56.09,   7.58
1374000000,  56.09,   7.45
1375000000,  56.09,   7.55
1376000000,  56.07,   7.65
1377000000,  56.08,   7.73
1378000000,  56.07,   7.70
1379000000,  56.07,   7.76
1380000000,  56.06,   7.75
1381000000,  56.07,   7.77
1382000000,  56.06,   7.75
1383000000,  56.06,   7.78
1384000000,  56.05,   7.74
1385000000,  56.06,   7.76
1386000000,  56.06,   7.79
1387000000,  56.05,   7.97
1388000000,  56.06,   8.03
1389000000,  56.07,   7.79
1390000000,  56.05,   7.92
1391000000,  56.07,   7.93
1392000000,  56.06,   7.95
1393000000,  56.06,   7.96
1394000000,  56.07,   8.08
1395000000,  56.07,   8.03
1396000000,  56.07,   8.03
1397000000,  56.07,   8.33
1398000000,  56.07,   8.21
1399000000,  56.08,   8.05
1400000000,  56.08,   8.13
1401000000,  56.09,   8.24
1402000000,  56.09,   8.32
1403000000,  56.08,   8.35
1404000000,  56.09,   8.46
1405000000,  56.09,   8.47
1406000000,  56.08,   8.55
1407000000,  56.09,   8.55
1408000000,  56.10,   8.80
1409000000,  56.09,   8.91
1410000000,  56.09,   8.95
1411000000,  56.09,   9.16
1412000000,  56.10,   9.40
1413000000,  56.09,   9.50
1414000000,  56.10,   9.51
1415000000,  56.11,   9.73
1416000000,  56.11,   9.73
1417000000,  56.11,  10.05
1418000000,  56.12,  10.00
1419000000,  56.13,  10.07
1420000000,  56.13,  10.01
1421000000,  56.14,   9.92
1422000000,  56.14,   9.92
1423000000,  56.15,   9.83
1424000000,  56.15,   9.74
1425000000,  56.15,   9.63
1426000000,  56.15,   9.69
1427000000,  56.14,   9.62
1428000000,  56.14,   9.41
1429000000,  56.14,   9.31
1430000000,  56.15,   9.21
1431000000,  56.16,   9.15
1432000000,  56.15,   9.21
1433000000,  56.15,   9.02
1434000000,  56.16,   9.08
1435000000,  56.15,   8.94
1436000000,  56.15,   8.91
1437000000,  56.15,   9.05
1438000000,  56.15,   9.01
1439000000,  56.15,   8.80
1440000000,  56.14,   8.88
1441000000,  56.15,   8.96
1442000000,  56.14,   8.99
1443000000,  56.13,   8.95
1444000000,  56.13,   8.92
1445000000,  56.13,   9.04
1446000000,  56.12,   8.85
1447000000,  56.11,   8.95
1448000000,  56.11,   9.15
1449000000,  56.10,   9.20
1450000000,  56.09,   9.19
1451000000,  56.09,   8.98
1452000000,  56.08,   9.07
1453000000,  56.06,   9.18
1454000000,  56.06,   9.18
1455000000,  56.05,   9.21
1456000000,  56.05,   9.03
1457000000,  56.04,   9.09
1458000000,  56.02,   9.02
1459000000,  56.01,   9.07
1460000000,  56.01,   9.06
1461000000,  56.01,   9.02
1462000000,  55.99,   9.02
1463000000,  55.98,   9.09
1464000000,  55.97,   8.89
1465000000,  55.96,   8.93
1466000000,  55.95,   8.88
1467000000,  55.94,   8.96
1468000000,  55.93,   8.89
1469000000,  55.91,   8.94
1470000000,  55.90,   8.96
1471000000,  55.88,   8.85
1472000000,  55.87,   8.83
1473000000,  55.86,   8.87
1474000000,  55.84,   8.82
1475000000,  55.82,   8.75
1476000000,  55.80,   8.76
1477000000,  55.80,   8.74
1478000000,  55.76,   8.80
1479000000,  55.75,   8.82
1480000000,  55.74,   8.76
1481000000,  55.73,   8.74
1482000000,  55.71,   8.88
1483000000,  55.70,   8.88
1484000000,  55.67,   8.91
1485000000,  55.66,   8.79
1486000000,  55.65,   8.81
1487000000,  55.63,   8.93
1488000000,  55.63,   8.96
1489000000,  55.59,   8.95
1490000000,  55.58,   8.80
1491000000,  55.58,   8.85
1492000000,  55.55,   8.96
1493000000,  55.55,   9.15
1494000000,  55.53,   9.06
1495000000,  55.52,   9.01
1496000000,  55.50,   9.00
1497000000,  55.48,   9.05
1498000000,  55.47,   9.08
1499000000,  55.46,   9.15
1500000000,  55.43,   9.03
1501000000,  55.42,   9.09
1502000000,  55.42,   9.24
1503000000,  55.40,   9.09
1504000000,  55.38,   9.09
1505000000,  55.37,   9.17
1506000000,  55.36,   9.13
1507000000,  55.35,   9.14
1508000000,  55.35,   9.22
1509000000,  55.32,   9.13
1510000000,  55.32,   9.08
1511000000,  55.31,   9.15
1512000000,  55.31,   9.21
1513000000,  55.30,   9.08
1514000000,  55.29,   9.15
1515000000,  55.28,   9.31
1516000000,  55.28,   9.35
1517000000,  55.27,   9.30
1518000000,  55.26,   9.18
1519000000,  55.26,   9.28
1520000000,  55.25,   9.26
1521000000,  55.24,   9.25
1522000000,  55.23,   9.29
1523000000,  55.23,   9.32
1524000000,  55.22,   9.30
1525000000,  55.21,   9.26
1526000000,  55.20,   9.41
1527000000,  55.20,   9.41
1528000000,  55.19,   9.43
1529000000,  55.19,   9.39
1530000000,  55.17,   9.46
1531000000,  55.17,   9.36
1532000000,  55.17,   9.38
1533000000,  55.15,   9.44
1534000000,  55.15,   9.41
1535000000,  55.15,   9.40
1536000000,  55.14,   9.28
1537000000,  55.14,   9.38
1538000000,  55.14,   9.42
1539000000,  55.13,   9.41
1540000000,  55.12,   9.31
1541000000,  55.13,   9.24
1542000000,  55.13,   9.25
1543000000,  55.12,   9.26
1544000000,  55.11,   9.31
1545000000,  55.10,   9.18
1546000000,  55.10,   9.13
1547000000,  55.10,   9.16
1548000000,  55.09,   9.06
1549000000,  55.09,   9.09
1550000000,  55.09,   9.08
1551000000,  55.08,   9.00
1552000000,  55.07,   8.99
1553000000,  55.07,   9.04
1554000000,  55.06,   9.04
1555000000,  55.06,   8.97
1556000000,  55.05,   8.97
1557000000,  55.05,   8.97
1558000000,  55.05,   8.93
1559000000,  55.04,   8.82
1560000000,  55.04,   8.88
1561000000,  55.03,   8.94
1562000000,  55.03,   8.93
1563000000,  55.02,   8.81
1564000000,  55.02,   8.83
1565000000,  55.02,   8.87
1566000000,  55.01,   8.79
1567000000,  54.99,   8.87
1568000000,  54.99,   8.86
1569000000,  55.01,   8.84
1570000000,  54.99,   8.88
1571000000,  54.97,   8.76
1572000000,  54.98,   8.69
1573000000,  54.98,   8.72
1574000000,  54.97,   8.80
1575000000,  54.96,   8.72
1576000000,  54.96,   8.67
1577000000,  54.94,   8.73
1578000000,  54.94,   8.76
1579000000,  54.93,   8.71
1580000000,  54.92,   8.78
1581000000,  54.92,   8.77
1582000000,  54.90,   8.75
1583000000,  54.89,   8.72
1584000000,  54.89,   8.70
1585000000,  54.88,   8.76
1586000000,  54.87,   8.74
1587000000,  54.86,   8.78
1588000000,  54.85,   8.82
1589000000,  54.83,   8.82
1590000000,  54.82,   8.77
1591000000,  54.82,   8.75
1592000000,  54.80,   8.80
1593000000,  54.78,   8.75
1594000000,  54.77,   8.81
1595000000,  54.76,   8.85
1596000000,  54.75,   8.84
1597000000,  54.73,   8.82
1598000000,  54.72,   8.84
1599000000,  54.69,   8.89
1600000000,  54.70,   8.89
1601000000,  54.67,   8.84
1602000000,  54.65,   8.85
1603000000,  54.64,   8.91
1604000000,  54.62,   8.97
1605000000,  54.61,   8.91
1606000000,  54.59,   8.90
1607000000,  54.57,   9.00
1608000000,  54.56,   9.00
1609000000,  54.54,   8.96
1610000000,  54.52,   9.01
1611000000,  54.51,   9.07
1612000000,  54.49,   9.06
1613000000,  54.46,   9.12
1614000000,  54.46,   9.15
1615000000,  54.43,   9.12
1616000000,  54.41,   9.10
1617000000,  54.40,   9.13
1618000000,  54.38,   9.16
1619000000,  54.37,   9.18
1620000000,  54.34,   9.18
1621000000,  54.32,   9.26
1622000000,  54.31,   9.36
1623000000,  54.30,   9.34
1624000000,  54.28,   9.35
1625000000,  54.26,   9.34
1626000000,  54.24,   9.31
1627000000,  54.23,   9.37
1628000000,  54.21,   9.38
1629000000,  54.19,   9.38
1630000000,  54.18,   9.44
1631000000,  54.17,   9.43
1632000000,  54.15,   9.54
1633000000,  54.14,   9.60
1634000000,  54.12,   9.52
1635000000,  54.10,   9.51
1636000000,  54.09,   9.51
1637000000,  54.08,   9.63
1638000000,  54.06,   9.60
1639000000,  54.05,   9.52
1640000000,  54.04,   9.59
1641000000,  54.04,   9.56
1642000000,  54.02,   9.61
1643000000,  54.01,   9.61
1644000000,  53.99,   9.54
1645000000,  53.98,   9.57
1646000000,  53.98,   9.49
1647000000,  53.97,   9.41
1648000000,  53.95,   9.35
1649000000,  53.95,   9.37
1650000000,  53.95,   9.48
1651000000,  53.94,   9.58
1652000000,  53.93,   9.64
1653000000,  53.92,   9.62
1654000000,  53.92,   9.67
1655000000,  53.91,   9.67
1656000000,  53.90,   9.61
1657000000,  53.90,   9.69
1658000000,  53.90,   9.75
1659000000,  53.90,   9.72
1660000000,  53.89,   9.77
1661000000,  53.89,   9.81
1662000000,  53.89,   9.80
1663000000,  53.90,   9.84
1664000000,  53.88,   9.98
1665000000,  53.89,  10.09
1666000000,  53.89,  10.16
1667000000,  53.89,  10.27
1668000000,  53.89,  10.35
1669000000,  53.89,  10.42
1670000000,  53.88,  10.59
