% f (Hz),G_rec (dB),T_e_rec (K)
  580000000,	54.03,	4.61
  581000000,	54.03,	4.61
  582000000,	54.02,	4.70
  583000000,	54.01,	4.67
  584000000,	54.00,	4.53
  585000000,	54.00,	4.68
  586000000,	53.99,	4.66
  587000000,	53.98,	4.65
  588000000,	53.97,	4.61
  589000000,	53.97,	4.71
  590000000,	53.96,	4.68
  591000000,	53.96,	4.72
  592000000,	53.95,	4.61
  593000000,	53.94,	4.68
  594000000,	53.94,	4.79
  595000000,	53.93,	4.67
  596000000,	53.92,	4.66
  597000000,	53.92,	4.74
  598000000,	53.91,	4.69
  599000000,	53.90,	4.63
  600000000,	53.90,	4.62
  601000000,	53.89,	4.64
  602000000,	53.88,	4.75
  603000000,	53.88,	4.63
  604000000,	53.86,	4.73
  605000000,	53.85,	4.57
  606000000,	53.84,	4.73
  607000000,	53.84,	4.69
  608000000,	53.83,	4.68
  609000000,	53.83,	4.61
  610000000,	53.82,	4.63
  611000000,	53.82,	4.59
  612000000,	53.82,	4.56
  613000000,	53.82,	4.63
  614000000,	53.82,	4.78
  615000000,	53.82,	4.51
  616000000,	53.81,	4.67
  617000000,	53.80,	4.59
  618000000,	53.80,	4.71
  619000000,	53.79,	4.55
  620000000,	53.78,	4.51
  621000000,	53.77,	4.60
  622000000,	53.77,	4.73
  623000000,	53.76,	4.48
  624000000,	53.75,	4.48
  625000000,	53.75,	4.62
  626000000,	53.74,	4.62
  627000000,	53.74,	4.53
  628000000,	53.73,	4.50
  629000000,	53.72,	4.56
  630000000,	53.71,	4.51
  631000000,	53.70,	4.55
  632000000,	53.70,	4.52
  633000000,	53.69,	4.45
  634000000,	53.68,	4.55
  635000000,	53.67,	4.56
  636000000,	53.66,	4.37
  637000000,	53.65,	4.44
  638000000,	53.64,	4.47
  639000000,	53.63,	4.46
  640000000,	53.62,	4.47
  641000000,	53.61,	4.50
  642000000,	53.60,	4.47
  643000000,	53.59,	4.40
  644000000,	53.58,	4.42
  645000000,	53.57,	4.37
  646000000,	53.56,	4.39
  647000000,	53.55,	4.46
  648000000,	53.54,	4.29
  649000000,	53.53,	4.40
  650000000,	53.52,	4.42
  651000000,	53.52,	4.33
  652000000,	53.51,	4.44
  653000000,	53.50,	4.37
  654000000,	53.49,	4.42
  655000000,	53.48,	4.42
  656000000,	53.48,	4.45
  657000000,	53.47,	4.45
  658000000,	53.46,	4.29
  659000000,	53.46,	4.50
  660000000,	53.45,	4.53
  661000000,	53.44,	4.37
  662000000,	53.44,	4.32
  663000000,	53.43,	4.35
  664000000,	53.43,	4.35
  665000000,	53.42,	4.39
  666000000,	53.42,	4.36
  667000000,	53.41,	4.46
  668000000,	53.41,	4.28
  669000000,	53.40,	4.60
  670000000,	53.40,	4.45
  671000000,	53.40,	4.44
  672000000,	53.39,	4.59
  673000000,	53.39,	4.54
  674000000,	53.39,	4.56
  675000000,	53.39,	4.48
  676000000,	53.38,	4.50
  677000000,	53.38,	4.48
  678000000,	53.38,	4.44
  679000000,	53.38,	4.48
  680000000,	53.37,	4.51
  681000000,	53.37,	4.59
  682000000,	53.37,	4.53
  683000000,	53.37,	4.54
  684000000,	53.37,	4.58
  685000000,	53.37,	4.53
  686000000,	53.36,	4.62
  687000000,	53.36,	4.75
  688000000,	53.36,	4.44
  689000000,	53.36,	4.62
  690000000,	53.36,	4.50
  691000000,	53.35,	4.60
  692000000,	53.35,	4.65
  693000000,	53.35,	4.62
  694000000,	53.35,	4.69
  695000000,	53.34,	4.66
  696000000,	53.34,	4.78
  697000000,	53.34,	4.59
  698000000,	53.33,	4.74
  699000000,	53.33,	4.73
  700000000,	53.32,	4.65
  701000000,	53.32,	4.69
  702000000,	53.31,	4.65
  703000000,	53.31,	4.74
  704000000,	53.30,	4.74
  705000000,	53.30,	4.83
  706000000,	53.29,	4.66
  707000000,	53.28,	4.69
  708000000,	53.28,	4.85
  709000000,	53.27,	4.80
  710000000,	53.26,	4.89
  711000000,	53.26,	4.79
  712000000,	53.25,	4.91
  713000000,	53.24,	4.79
  714000000,	53.24,	4.78
  715000000,	53.23,	4.77
  716000000,	53.22,	4.93
  717000000,	53.21,	4.85
  718000000,	53.21,	4.87
  719000000,	53.20,	4.89
  720000000,	53.19,	4.83
  721000000,	53.18,	5.00
  722000000,	53.18,	4.94
  723000000,	53.17,	5.01
  724000000,	53.17,	4.91
  725000000,	53.16,	5.02
  726000000,	53.15,	5.02
  727000000,	53.15,	4.91
  728000000,	53.14,	5.01
  729000000,	53.14,	4.98
  730000000,	53.13,	5.08
  731000000,	53.13,	5.05
  732000000,	53.13,	5.17
  733000000,	53.12,	5.12
  734000000,	53.12,	5.05
  735000000,	53.11,	5.20
  736000000,	53.11,	5.16
  737000000,	53.11,	5.11
  738000000,	53.11,	5.23
  739000000,	53.11,	5.16
  740000000,	53.11,	5.22
  741000000,	53.11,	5.24
  742000000,	53.11,	5.30
  743000000,	53.11,	5.35
  744000000,	53.12,	5.11
  745000000,	53.12,	5.27
  746000000,	53.12,	5.27
  747000000,	53.12,	5.39
  748000000,	53.13,	5.27
  749000000,	53.13,	5.26
  750000000,	53.14,	5.28
  751000000,	53.15,	5.34
  752000000,	53.15,	5.33
  753000000,	53.16,	5.37
  754000000,	53.17,	5.30
  755000000,	53.18,	5.30
  756000000,	53.19,	5.30
  757000000,	53.20,	5.41
  758000000,	53.21,	5.45
  759000000,	53.22,	5.24
  760000000,	53.23,	5.40
  761000000,	53.24,	5.35
  762000000,	53.25,	5.29
  763000000,	53.27,	5.21
  764000000,	53.28,	5.22
  765000000,	53.30,	5.30
  766000000,	53.31,	5.25
  767000000,	53.32,	5.23
  768000000,	53.33,	5.23
  769000000,	53.35,	5.28
  770000000,	53.36,	5.19
  771000000,	53.37,	5.22
  772000000,	53.38,	5.15
  773000000,	53.40,	5.17
  774000000,	53.41,	5.19
  775000000,	53.42,	5.06
  776000000,	53.43,	5.17
  777000000,	53.45,	5.09
  778000000,	53.46,	5.24
  779000000,	53.47,	5.03
  780000000,	53.48,	5.16
  781000000,	53.49,	5.13
  782000000,	53.50,	5.04
  783000000,	53.50,	4.92
  784000000,	53.51,	5.04
  785000000,	53.52,	4.90
  786000000,	53.53,	4.88
  787000000,	53.53,	4.98
  788000000,	53.54,	4.98
  789000000,	53.54,	4.97
  790000000,	53.54,	4.92
  791000000,	53.55,	4.92
  792000000,	53.55,	4.94
  793000000,	53.55,	4.93
  794000000,	53.55,	4.92
  795000000,	53.55,	4.91
  796000000,	53.55,	4.93
  797000000,	53.55,	4.91
  798000000,	53.54,	4.93
  799000000,	53.54,	5.05
  800000000,	53.53,	4.94
  801000000,	53.53,	4.99
  802000000,	53.52,	4.87
  803000000,	53.51,	5.03
  804000000,	53.51,	5.11
  805000000,	53.50,	5.02
  806000000,	53.49,	5.03
  807000000,	53.48,	5.05
  808000000,	53.47,	5.09
  809000000,	53.46,	5.12
  810000000,	53.45,	5.23
  811000000,	53.44,	5.15
  812000000,	53.43,	5.27
  813000000,	53.41,	5.23
  814000000,	53.40,	5.27
  815000000,	53.39,	5.36
  816000000,	53.38,	5.43
  817000000,	53.36,	5.45
  818000000,	53.35,	5.47
  819000000,	53.34,	5.49
  820000000,	53.32,	5.62
  821000000,	53.31,	5.52
  822000000,	53.29,	5.63
  823000000,	53.28,	5.67
  824000000,	53.27,	5.76
  825000000,	53.25,	5.87
  826000000,	53.24,	5.72
  827000000,	53.23,	5.78
  828000000,	53.22,	5.78
  829000000,	53.21,	5.84
  830000000,	53.19,	5.86
  831000000,	53.19,	5.98
  832000000,	53.18,	5.89
  833000000,	53.17,	6.12
  834000000,	53.16,	6.03
  835000000,	53.15,	6.03
  836000000,	53.15,	6.14
  837000000,	53.14,	6.16
  838000000,	53.14,	6.08
  839000000,	53.13,	6.17
  840000000,	53.13,	6.13
  841000000,	53.13,	6.31
  842000000,	53.13,	6.31
  843000000,	53.12,	6.32
  844000000,	53.12,	6.19
  845000000,	53.12,	6.35
  846000000,	53.12,	6.23
  847000000,	53.13,	6.21
  848000000,	53.13,	6.23
  849000000,	53.14,	6.40
  850000000,	53.14,	6.24
  851000000,	53.15,	6.23
  852000000,	53.15,	6.19
  853000000,	53.16,	6.19
  854000000,	53.17,	6.25
  855000000,	53.18,	6.18
  856000000,	53.19,	6.19
  857000000,	53.20,	6.08
  858000000,	53.21,	6.08
  859000000,	53.23,	6.13
  860000000,	53.24,	6.05
  861000000,	53.25,	6.10
  862000000,	53.26,	5.99
  863000000,	53.28,	6.03
  864000000,	53.29,	6.06
  865000000,	53.31,	5.99
  866000000,	53.32,	5.98
  867000000,	53.34,	5.96
  868000000,	53.36,	5.85
  869000000,	53.37,	5.96
  870000000,	53.39,	5.95
  871000000,	53.41,	5.80
  872000000,	53.42,	5.87
  873000000,	53.44,	5.88
  874000000,	53.45,	5.77
  875000000,	53.47,	5.97
  876000000,	53.48,	5.84
  877000000,	53.49,	5.88
  878000000,	53.51,	5.78
  879000000,	53.53,	5.84
  880000000,	53.54,	5.84
  881000000,	53.56,	5.92
  882000000,	53.57,	5.93
  883000000,	53.58,	5.72
  884000000,	53.59,	5.86
  885000000,	53.60,	5.84
  886000000,	53.61,	5.95
  887000000,	53.61,	5.89
  888000000,	53.62,	5.82
  889000000,	53.63,	5.84
  890000000,	53.63,	5.83
  891000000,	53.64,	5.97
  892000000,	53.64,	6.02
  893000000,	53.65,	5.92
  894000000,	53.65,	6.07
  895000000,	53.65,	5.99
  896000000,	53.65,	5.96
  897000000,	53.65,	6.19
  898000000,	53.64,	6.10
  899000000,	53.64,	6.13
  900000000,	53.63,	6.22
  901000000,	53.63,	6.17
  902000000,	53.62,	6.30
  903000000,	53.61,	6.22
  904000000,	53.60,	6.29
  905000000,	53.59,	6.34
  906000000,	53.58,	6.41
  907000000,	53.56,	6.51
  908000000,	53.55,	6.47
  909000000,	53.54,	6.52
  910000000,	53.52,	6.64
  911000000,	53.50,	6.62
  912000000,	53.49,	6.73
  913000000,	53.47,	6.61
  914000000,	53.46,	6.67
  915000000,	53.44,	6.74
  916000000,	53.43,	6.78
  917000000,	53.42,	6.64
  918000000,	53.40,	6.85
  919000000,	53.39,	6.79
  920000000,	53.38,	6.62
  921000000,	53.37,	6.70
  922000000,	53.35,	6.78
  923000000,	53.35,	6.67
  924000000,	53.34,	6.92
  925000000,	53.33,	6.77
  926000000,	53.32,	6.84
  927000000,	53.31,	6.84
  928000000,	53.30,	6.87
  929000000,	53.30,	6.83
  930000000,	53.29,	6.68
  931000000,	53.29,	6.82
  932000000,	53.29,	6.84
  933000000,	53.28,	6.71
  934000000,	53.28,	6.81
  935000000,	53.28,	6.90
  936000000,	53.28,	6.86
  937000000,	53.29,	6.76
  938000000,	53.29,	6.87
  939000000,	53.30,	6.88
  940000000,	53.30,	6.80
  941000000,	53.31,	6.72
  942000000,	53.32,	6.72
  943000000,	53.33,	6.84
  944000000,	53.35,	6.77
  945000000,	53.36,	6.82
  946000000,	53.37,	6.72
  947000000,	53.39,	6.82
  948000000,	53.41,	6.71
  949000000,	53.43,	6.79
  950000000,	53.45,	6.79
  951000000,	53.47,	6.78
  952000000,	53.49,	6.70
  953000000,	53.51,	6.60
  954000000,	53.54,	6.74
  955000000,	53.56,	6.66
  956000000,	53.59,	6.70
  957000000,	53.62,	6.78
  958000000,	53.65,	6.63
  959000000,	53.68,	6.67
  960000000,	53.71,	6.58
  961000000,	53.74,	6.69
  962000000,	53.77,	6.53
  963000000,	53.80,	6.59
  964000000,	53.83,	6.57
  965000000,	53.86,	6.52
  966000000,	53.90,	6.58
  967000000,	53.93,	6.54
  968000000,	53.96,	6.43
  969000000,	53.99,	6.41
  970000000,	54.03,	6.47
  971000000,	54.06,	6.46
  972000000,	54.09,	6.23
  973000000,	54.12,	6.37
  974000000,	54.15,	6.41
  975000000,	54.17,	6.33
  976000000,	54.20,	6.41
  977000000,	54.23,	6.31
  978000000,	54.25,	6.41
  979000000,	54.28,	6.29
  980000000,	54.30,	6.34
  981000000,	54.32,	6.33
  982000000,	54.35,	6.27
  983000000,	54.36,	6.39
  984000000,	54.38,	6.39
  985000000,	54.40,	6.31
  986000000,	54.42,	6.32
  987000000,	54.44,	6.41
  988000000,	54.45,	6.29
  989000000,	54.46,	6.34
  990000000,	54.47,	6.35
  991000000,	54.48,	6.39
  992000000,	54.49,	6.38
  993000000,	54.49,	6.36
  994000000,	54.50,	6.30
  995000000,	54.50,	6.28
  996000000,	54.50,	6.32
  997000000,	54.50,	6.28
  998000000,	54.51,	6.40
  999000000,	54.51,	6.46
 1000000000,	54.51,	6.34
 1001000000,	54.50,	6.37
 1002000000,	54.51,	6.38
 1003000000,	54.50,	6.42
 1004000000,	54.50,	6.46
 1005000000,	54.50,	6.48
 1006000000,	54.50,	6.49
 1007000000,	54.50,	6.52
 1008000000,	54.50,	6.47
 1009000000,	54.50,	6.48
 1010000000,	54.49,	6.56
 1011000000,	54.49,	6.46
 1012000000,	54.50,	6.50
 1013000000,	54.50,	6.46
 1014000000,	54.50,	6.54
 1015000000,	54.50,	6.55
