% f (Hz),G_rec (dB),T_e_rec (K)
  580000000,	53.91,	7.10
  581000000,	53.91,	6.88
  582000000,	53.91,	7.14
  583000000,	53.91,	6.94
  584000000,	53.90,	7.03
  585000000,	53.89,	6.96
  586000000,	53.89,	7.04
  587000000,	53.88,	7.03
  588000000,	53.87,	6.85
  589000000,	53.87,	6.85
  590000000,	53.87,	6.96
  591000000,	53.86,	6.94
  592000000,	53.85,	6.87
  593000000,	53.85,	6.92
  594000000,	53.84,	6.95
  595000000,	53.83,	6.91
  596000000,	53.83,	6.79
  597000000,	53.82,	6.95
  598000000,	53.82,	6.92
  599000000,	53.81,	6.87
  600000000,	53.81,	6.77
  601000000,	53.81,	6.91
  602000000,	53.79,	6.81
  603000000,	53.79,	6.85
  604000000,	53.78,	6.79
  605000000,	53.77,	6.70
  606000000,	53.77,	6.74
  607000000,	53.76,	6.72
  608000000,	53.75,	6.73
  609000000,	53.75,	6.78
  610000000,	53.74,	6.65
  611000000,	53.74,	6.64
  612000000,	53.73,	6.67
  613000000,	53.72,	6.65
  614000000,	53.72,	6.80
  615000000,	53.71,	6.71
  616000000,	53.71,	6.83
  617000000,	53.70,	6.69
  618000000,	53.69,	6.65
  619000000,	53.69,	6.62
  620000000,	53.68,	6.54
  621000000,	53.68,	6.68
  622000000,	53.67,	6.72
  623000000,	53.67,	6.71
  624000000,	53.66,	6.57
  625000000,	53.66,	6.76
  626000000,	53.66,	6.62
  627000000,	53.65,	6.63
  628000000,	53.65,	6.55
  629000000,	53.64,	6.71
  630000000,	53.63,	6.62
  631000000,	53.63,	6.66
  632000000,	53.61,	6.55
  633000000,	53.61,	6.64
  634000000,	53.61,	6.81
  635000000,	53.60,	6.61
  636000000,	53.58,	6.60
  637000000,	53.58,	6.68
  638000000,	53.57,	6.58
  639000000,	53.57,	6.69
  640000000,	53.56,	6.64
  641000000,	53.55,	6.62
  642000000,	53.54,	6.54
  643000000,	53.54,	6.61
  644000000,	53.53,	6.49
  645000000,	53.52,	6.60
  646000000,	53.52,	6.50
  647000000,	53.52,	6.59
  648000000,	53.51,	6.56
  649000000,	53.50,	6.61
  650000000,	53.49,	6.51
  651000000,	53.49,	6.54
  652000000,	53.48,	6.53
  653000000,	53.47,	6.43
  654000000,	53.47,	6.52
  655000000,	53.46,	6.56
  656000000,	53.45,	6.55
  657000000,	53.45,	6.48
  658000000,	53.44,	6.57
  659000000,	53.44,	6.72
  660000000,	53.44,	6.52
  661000000,	53.43,	6.51
  662000000,	53.43,	6.57
  663000000,	53.42,	6.62
  664000000,	53.42,	6.53
  665000000,	53.42,	6.67
  666000000,	53.42,	6.59
  667000000,	53.41,	6.64
  668000000,	53.41,	6.76
  669000000,	53.41,	6.57
  670000000,	53.41,	6.65
  671000000,	53.40,	6.66
  672000000,	53.40,	6.64
  673000000,	53.40,	6.70
  674000000,	53.40,	6.73
  675000000,	53.41,	6.75
  676000000,	53.40,	6.82
  677000000,	53.40,	6.81
  678000000,	53.40,	6.73
  679000000,	53.40,	6.73
  680000000,	53.40,	6.76
  681000000,	53.39,	6.80
  682000000,	53.40,	6.97
  683000000,	53.40,	6.76
  684000000,	53.40,	6.97
  685000000,	53.40,	6.74
  686000000,	53.40,	6.81
  687000000,	53.40,	6.87
  688000000,	53.40,	6.86
  689000000,	53.41,	7.01
  690000000,	53.41,	6.88
  691000000,	53.41,	6.88
  692000000,	53.41,	6.96
  693000000,	53.41,	6.95
  694000000,	53.41,	6.94
  695000000,	53.41,	7.00
  696000000,	53.41,	7.00
  697000000,	53.41,	7.01
  698000000,	53.40,	6.95
  699000000,	53.41,	6.97
  700000000,	53.40,	6.92
  701000000,	53.40,	6.95
  702000000,	53.40,	6.85
  703000000,	53.40,	7.06
  704000000,	53.40,	7.06
  705000000,	53.40,	7.08
  706000000,	53.39,	6.83
  707000000,	53.39,	6.92
  708000000,	53.39,	7.02
  709000000,	53.39,	7.02
  710000000,	53.38,	7.05
  711000000,	53.38,	6.93
  712000000,	53.38,	7.03
  713000000,	53.37,	7.08
  714000000,	53.37,	7.03
  715000000,	53.36,	7.01
  716000000,	53.36,	6.96
  717000000,	53.35,	6.95
  718000000,	53.34,	7.04
  719000000,	53.33,	7.04
  720000000,	53.33,	7.16
  721000000,	53.33,	7.05
  722000000,	53.32,	7.15
  723000000,	53.31,	7.12
  724000000,	53.31,	7.20
  725000000,	53.31,	7.25
  726000000,	53.30,	7.07
  727000000,	53.29,	7.21
  728000000,	53.29,	7.16
  729000000,	53.28,	7.09
  730000000,	53.28,	7.23
  731000000,	53.27,	7.27
  732000000,	53.27,	7.22
  733000000,	53.26,	7.24
  734000000,	53.26,	7.26
  735000000,	53.25,	7.18
  736000000,	53.25,	7.31
  737000000,	53.24,	7.33
  738000000,	53.24,	7.52
  739000000,	53.24,	7.45
  740000000,	53.23,	7.47
  741000000,	53.23,	7.41
  742000000,	53.23,	7.58
  743000000,	53.23,	7.39
  744000000,	53.22,	7.46
  745000000,	53.22,	7.60
  746000000,	53.22,	7.71
  747000000,	53.22,	7.58
  748000000,	53.23,	7.72
  749000000,	53.22,	7.71
  750000000,	53.22,	7.60
  751000000,	53.23,	7.72
  752000000,	53.23,	7.58
  753000000,	53.23,	7.62
  754000000,	53.23,	7.66
  755000000,	53.24,	7.70
  756000000,	53.24,	7.78
  757000000,	53.24,	7.68
  758000000,	53.25,	7.75
  759000000,	53.25,	7.67
  760000000,	53.25,	7.78
  761000000,	53.26,	7.79
  762000000,	53.27,	7.81
  763000000,	53.27,	7.79
  764000000,	53.28,	7.77
  765000000,	53.29,	7.74
  766000000,	53.29,	7.75
  767000000,	53.29,	7.78
  768000000,	53.30,	7.74
  769000000,	53.31,	7.69
  770000000,	53.32,	7.91
  771000000,	53.34,	7.69
  772000000,	53.34,	7.62
  773000000,	53.35,	7.64
  774000000,	53.36,	7.70
  775000000,	53.37,	7.59
  776000000,	53.38,	7.59
  777000000,	53.39,	7.57
  778000000,	53.40,	7.54
  779000000,	53.41,	7.51
  780000000,	53.42,	7.47
  781000000,	53.43,	7.42
  782000000,	53.44,	7.37
  783000000,	53.45,	7.27
  784000000,	53.46,	7.35
  785000000,	53.47,	7.26
  786000000,	53.48,	7.30
  787000000,	53.49,	7.26
  788000000,	53.50,	7.33
  789000000,	53.51,	7.29
  790000000,	53.52,	7.31
  791000000,	53.52,	7.33
  792000000,	53.53,	7.14
  793000000,	53.54,	7.21
  794000000,	53.55,	7.12
  795000000,	53.56,	7.11
  796000000,	53.57,	7.10
  797000000,	53.58,	7.12
  798000000,	53.58,	7.19
  799000000,	53.58,	7.16
  800000000,	53.59,	7.14
  801000000,	53.59,	7.25
  802000000,	53.59,	7.14
  803000000,	53.59,	7.10
  804000000,	53.59,	7.18
  805000000,	53.60,	7.17
  806000000,	53.60,	7.28
  807000000,	53.60,	7.10
  808000000,	53.60,	7.10
  809000000,	53.60,	7.23
  810000000,	53.60,	7.30
  811000000,	53.60,	7.27
  812000000,	53.60,	7.23
  813000000,	53.60,	7.30
  814000000,	53.59,	7.36
  815000000,	53.59,	7.42
  816000000,	53.58,	7.33
  817000000,	53.57,	7.47
  818000000,	53.57,	7.45
  819000000,	53.56,	7.50
  820000000,	53.55,	7.63
  821000000,	53.55,	7.69
  822000000,	53.54,	7.80
  823000000,	53.53,	7.80
  824000000,	53.53,	7.74
  825000000,	53.52,	7.99
  826000000,	53.51,	7.91
  827000000,	53.50,	8.00
  828000000,	53.50,	8.09
  829000000,	53.49,	8.07
  830000000,	53.48,	8.14
  831000000,	53.47,	8.21
  832000000,	53.47,	8.18
  833000000,	53.46,	8.20
  834000000,	53.45,	8.27
  835000000,	53.44,	8.36
  836000000,	53.44,	8.29
  837000000,	53.43,	8.43
  838000000,	53.43,	8.45
  839000000,	53.42,	8.40
  840000000,	53.42,	8.26
  841000000,	53.41,	8.43
  842000000,	53.41,	8.51
  843000000,	53.40,	8.59
  844000000,	53.39,	8.50
  845000000,	53.39,	8.45
  846000000,	53.39,	8.49
  847000000,	53.39,	8.49
  848000000,	53.39,	8.39
  849000000,	53.38,	8.58
  850000000,	53.38,	8.41
  851000000,	53.39,	8.58
  852000000,	53.39,	8.53
  853000000,	53.39,	8.48
  854000000,	53.39,	8.44
  855000000,	53.39,	8.42
  856000000,	53.40,	8.33
  857000000,	53.40,	8.40
  858000000,	53.40,	8.37
  859000000,	53.41,	8.38
  860000000,	53.42,	8.42
  861000000,	53.43,	8.27
  862000000,	53.43,	8.39
  863000000,	53.44,	8.11
  864000000,	53.45,	8.20
  865000000,	53.46,	8.17
  866000000,	53.47,	8.09
  867000000,	53.48,	8.13
  868000000,	53.50,	8.14
  869000000,	53.51,	8.01
  870000000,	53.52,	7.97
  871000000,	53.54,	8.00
  872000000,	53.55,	7.93
  873000000,	53.56,	7.90
  874000000,	53.58,	8.00
  875000000,	53.59,	7.94
  876000000,	53.61,	7.77
  877000000,	53.62,	7.77
  878000000,	53.64,	7.71
  879000000,	53.65,	7.80
  880000000,	53.67,	7.86
  881000000,	53.68,	7.75
  882000000,	53.70,	7.73
  883000000,	53.71,	7.83
  884000000,	53.72,	7.71
  885000000,	53.74,	7.74
  886000000,	53.75,	7.72
  887000000,	53.76,	7.83
  888000000,	53.77,	7.81
  889000000,	53.79,	7.70
  890000000,	53.80,	7.77
  891000000,	53.81,	7.85
  892000000,	53.82,	7.97
  893000000,	53.82,	7.92
  894000000,	53.83,	7.85
  895000000,	53.84,	8.06
  896000000,	53.85,	8.03
  897000000,	53.85,	8.10
  898000000,	53.86,	8.16
  899000000,	53.86,	8.12
  900000000,	53.86,	8.14
  901000000,	53.86,	8.30
  902000000,	53.86,	8.47
  903000000,	53.86,	8.43
  904000000,	53.87,	8.52
  905000000,	53.86,	8.72
  906000000,	53.86,	8.66
  907000000,	53.85,	8.74
  908000000,	53.84,	8.86
  909000000,	53.83,	8.80
  910000000,	53.82,	8.92
  911000000,	53.81,	8.81
  912000000,	53.80,	8.84
  913000000,	53.79,	8.93
  914000000,	53.78,	8.90
  915000000,	53.77,	8.80
  916000000,	53.76,	8.76
  917000000,	53.76,	8.70
  918000000,	53.75,	8.76
  919000000,	53.75,	8.90
  920000000,	53.74,	8.81
  921000000,	53.73,	8.77
  922000000,	53.73,	8.72
  923000000,	53.72,	8.86
  924000000,	53.71,	8.86
  925000000,	53.70,	8.77
  926000000,	53.69,	9.02
  927000000,	53.67,	8.97
  928000000,	53.66,	8.85
  929000000,	53.65,	8.77
  930000000,	53.64,	8.94
  931000000,	53.63,	8.95
  932000000,	53.62,	8.88
  933000000,	53.60,	9.06
  934000000,	53.60,	8.95
  935000000,	53.58,	9.07
  936000000,	53.58,	9.18
  937000000,	53.57,	9.08
  938000000,	53.56,	9.17
  939000000,	53.55,	9.16
  940000000,	53.54,	9.04
  941000000,	53.54,	9.17
  942000000,	53.53,	9.26
  943000000,	53.53,	9.12
  944000000,	53.52,	9.12
  945000000,	53.52,	9.35
  946000000,	53.52,	9.25
  947000000,	53.52,	9.31
  948000000,	53.51,	9.34
  949000000,	53.52,	9.28
  950000000,	53.51,	9.38
  951000000,	53.52,	9.54
  952000000,	53.52,	9.57
  953000000,	53.52,	9.63
  954000000,	53.53,	9.66
  955000000,	53.53,	9.69
  956000000,	53.54,	9.62
  957000000,	53.55,	9.82
  958000000,	53.56,	9.68
  959000000,	53.57,	9.70
  960000000,	53.58,	9.77
  961000000,	53.59,	9.80
  962000000,	53.61,	9.67
  963000000,	53.63,	9.86
  964000000,	53.64,	9.62
  965000000,	53.66,	9.71
  966000000,	53.67,	9.66
  967000000,	53.69,	9.61
  968000000,	53.70,	9.68
  969000000,	53.72,	9.53
  970000000,	53.74,	9.37
  971000000,	53.76,	9.39
  972000000,	53.78,	9.54
  973000000,	53.80,	9.51
  974000000,	53.81,	9.41
  975000000,	53.83,	9.45
  976000000,	53.85,	9.43
  977000000,	53.86,	9.28
  978000000,	53.88,	9.23
  979000000,	53.90,	9.19
  980000000,	53.92,	9.25
  981000000,	53.93,	9.26
  982000000,	53.95,	9.28
  983000000,	53.97,	9.24
  984000000,	53.98,	9.20
  985000000,	53.99,	9.20
  986000000,	54.01,	9.14
  987000000,	54.02,	9.21
  988000000,	54.03,	8.98
  989000000,	54.04,	9.21
  990000000,	54.05,	9.16
  991000000,	54.06,	9.07
  992000000,	54.07,	9.05
  993000000,	54.07,	9.15
  994000000,	54.08,	9.16
  995000000,	54.09,	9.16
  996000000,	54.09,	9.04
  997000000,	54.09,	9.26
  998000000,	54.09,	9.15
  999000000,	54.09,	9.25
 1000000000,	54.09,	9.20
 1001000000,	54.08,	9.10
 1002000000,	54.08,	9.11
 1003000000,	54.08,	9.27
 1004000000,	54.08,	9.16
 1005000000,	54.07,	9.26
 1006000000,	54.07,	9.19
 1007000000,	54.06,	9.29
 1008000000,	54.06,	9.27
 1009000000,	54.06,	9.20
 1010000000,	54.05,	9.28
 1011000000,	54.05,	9.25
 1012000000,	54.05,	9.25
 1013000000,	54.05,	9.25
 1014000000,	54.05,	9.19
 1015000000,	54.05,	9.31
