% f (Hz),G_rec (dB),T_e_rec (K)
  580000000,	54.05,	4.90
  581000000,	54.04,	4.95
  582000000,	54.03,	4.84
  583000000,	54.02,	4.93
  584000000,	54.01,	4.86
  585000000,	54.00,	4.93
  586000000,	53.99,	4.94
  587000000,	53.98,	5.00
  588000000,	53.97,	4.93
  589000000,	53.96,	5.00
  590000000,	53.95,	4.92
  591000000,	53.94,	4.89
  592000000,	53.93,	4.81
  593000000,	53.92,	4.86
  594000000,	53.91,	4.88
  595000000,	53.90,	4.83
  596000000,	53.89,	4.69
  597000000,	53.88,	4.79
  598000000,	53.87,	4.85
  599000000,	53.86,	4.99
  600000000,	53.85,	4.79
  601000000,	53.84,	4.79
  602000000,	53.84,	4.80
  603000000,	53.83,	4.82
  604000000,	53.82,	4.75
  605000000,	53.81,	4.79
  606000000,	53.80,	4.77
  607000000,	53.79,	4.72
  608000000,	53.79,	4.82
  609000000,	53.78,	4.69
  610000000,	53.77,	4.72
  611000000,	53.77,	4.78
  612000000,	53.76,	4.66
  613000000,	53.75,	4.74
  614000000,	53.75,	4.74
  615000000,	53.74,	4.72
  616000000,	53.74,	4.69
  617000000,	53.73,	4.74
  618000000,	53.73,	4.60
  619000000,	53.72,	4.67
  620000000,	53.71,	4.76
  621000000,	53.71,	4.74
  622000000,	53.70,	4.74
  623000000,	53.70,	4.66
  624000000,	53.70,	4.57
  625000000,	53.69,	4.64
  626000000,	53.69,	4.66
  627000000,	53.68,	4.74
  628000000,	53.68,	4.62
  629000000,	53.67,	4.57
  630000000,	53.66,	4.66
  631000000,	53.66,	4.60
  632000000,	53.65,	4.64
  633000000,	53.65,	4.65
  634000000,	53.64,	4.73
  635000000,	53.63,	4.69
  636000000,	53.63,	4.61
  637000000,	53.62,	4.51
  638000000,	53.61,	4.63
  639000000,	53.61,	4.68
  640000000,	53.60,	4.62
  641000000,	53.59,	4.67
  642000000,	53.58,	4.65
  643000000,	53.57,	4.77
  644000000,	53.57,	4.56
  645000000,	53.56,	4.67
  646000000,	53.55,	4.63
  647000000,	53.54,	4.60
  648000000,	53.53,	4.68
  649000000,	53.52,	4.61
  650000000,	53.51,	4.63
  651000000,	53.50,	4.56
  652000000,	53.49,	4.58
  653000000,	53.48,	4.56
  654000000,	53.48,	4.63
  655000000,	53.47,	4.64
  656000000,	53.46,	4.59
  657000000,	53.45,	4.55
  658000000,	53.44,	4.67
  659000000,	53.43,	4.67
  660000000,	53.42,	4.66
  661000000,	53.42,	4.82
  662000000,	53.41,	4.70
  663000000,	53.41,	4.68
  664000000,	53.40,	4.53
  665000000,	53.39,	4.59
  666000000,	53.39,	4.63
  667000000,	53.39,	4.76
  668000000,	53.38,	4.63
  669000000,	53.38,	4.68
  670000000,	53.38,	4.67
  671000000,	53.37,	4.57
  672000000,	53.37,	4.72
  673000000,	53.37,	4.71
  674000000,	53.37,	4.72
  675000000,	53.37,	4.69
  676000000,	53.37,	4.78
  677000000,	53.37,	4.72
  678000000,	53.37,	4.80
  679000000,	53.37,	4.77
  680000000,	53.37,	4.76
  681000000,	53.37,	4.80
  682000000,	53.37,	4.81
  683000000,	53.37,	4.76
  684000000,	53.37,	4.80
  685000000,	53.38,	4.92
  686000000,	53.38,	4.85
  687000000,	53.38,	4.86
  688000000,	53.38,	4.87
  689000000,	53.39,	4.93
  690000000,	53.39,	4.91
  691000000,	53.39,	4.91
  692000000,	53.39,	4.82
  693000000,	53.39,	4.86
  694000000,	53.39,	4.94
  695000000,	53.39,	4.88
  696000000,	53.39,	4.97
  697000000,	53.39,	4.91
  698000000,	53.39,	4.97
  699000000,	53.40,	4.94
  700000000,	53.40,	4.86
  701000000,	53.40,	4.88
  702000000,	53.39,	5.00
  703000000,	53.39,	5.00
  704000000,	53.39,	4.87
  705000000,	53.39,	4.89
  706000000,	53.38,	4.96
  707000000,	53.38,	5.03
  708000000,	53.37,	5.09
  709000000,	53.37,	4.96
  710000000,	53.36,	5.08
  711000000,	53.36,	5.02
  712000000,	53.35,	5.04
  713000000,	53.34,	4.99
  714000000,	53.34,	5.13
  715000000,	53.33,	5.01
  716000000,	53.32,	5.01
  717000000,	53.32,	5.09
  718000000,	53.31,	5.04
  719000000,	53.30,	5.08
  720000000,	53.29,	5.08
  721000000,	53.28,	5.00
  722000000,	53.27,	5.08
  723000000,	53.27,	5.10
  724000000,	53.26,	5.04
  725000000,	53.25,	5.14
  726000000,	53.24,	5.16
  727000000,	53.23,	5.05
  728000000,	53.22,	5.13
  729000000,	53.22,	5.24
  730000000,	53.21,	5.27
  731000000,	53.20,	5.13
  732000000,	53.19,	5.18
  733000000,	53.19,	5.34
  734000000,	53.18,	5.27
  735000000,	53.18,	5.42
  736000000,	53.17,	5.33
  737000000,	53.17,	5.32
  738000000,	53.16,	5.29
  739000000,	53.16,	5.34
  740000000,	53.15,	5.33
  741000000,	53.15,	5.46
  742000000,	53.15,	5.53
  743000000,	53.14,	5.49
  744000000,	53.14,	5.42
  745000000,	53.14,	5.52
  746000000,	53.14,	5.54
  747000000,	53.14,	5.54
  748000000,	53.14,	5.48
  749000000,	53.14,	5.55
  750000000,	53.14,	5.65
  751000000,	53.14,	5.58
  752000000,	53.14,	5.59
  753000000,	53.14,	5.60
  754000000,	53.15,	5.56
  755000000,	53.15,	5.71
  756000000,	53.16,	5.72
  757000000,	53.16,	5.66
  758000000,	53.17,	5.57
  759000000,	53.18,	5.60
  760000000,	53.20,	5.51
  761000000,	53.20,	5.69
  762000000,	53.22,	5.74
  763000000,	53.23,	5.61
  764000000,	53.24,	5.58
  765000000,	53.25,	5.65
  766000000,	53.26,	5.57
  767000000,	53.27,	5.71
  768000000,	53.29,	5.61
  769000000,	53.30,	5.62
  770000000,	53.32,	5.62
  771000000,	53.33,	5.60
  772000000,	53.34,	5.54
  773000000,	53.36,	5.61
  774000000,	53.37,	5.55
  775000000,	53.38,	5.63
  776000000,	53.40,	5.56
  777000000,	53.41,	5.58
  778000000,	53.43,	5.63
  779000000,	53.44,	5.62
  780000000,	53.46,	5.46
  781000000,	53.47,	5.41
  782000000,	53.49,	5.48
  783000000,	53.50,	5.32
  784000000,	53.52,	5.33
  785000000,	53.53,	5.35
  786000000,	53.54,	5.30
  787000000,	53.55,	5.16
  788000000,	53.56,	5.45
  789000000,	53.58,	5.32
  790000000,	53.59,	5.24
  791000000,	53.60,	5.30
  792000000,	53.61,	5.26
  793000000,	53.62,	5.28
  794000000,	53.63,	5.21
  795000000,	53.63,	5.24
  796000000,	53.64,	5.22
  797000000,	53.65,	5.23
  798000000,	53.66,	5.16
  799000000,	53.66,	5.21
  800000000,	53.67,	5.20
  801000000,	53.67,	5.17
  802000000,	53.67,	5.16
  803000000,	53.68,	5.22
  804000000,	53.68,	5.20
  805000000,	53.68,	5.29
  806000000,	53.68,	5.26
  807000000,	53.68,	5.27
  808000000,	53.68,	5.34
  809000000,	53.68,	5.34
  810000000,	53.68,	5.25
  811000000,	53.68,	5.30
  812000000,	53.67,	5.37
  813000000,	53.67,	5.24
  814000000,	53.66,	5.52
  815000000,	53.66,	5.52
  816000000,	53.65,	5.40
  817000000,	53.64,	5.48
  818000000,	53.64,	5.47
  819000000,	53.63,	5.56
  820000000,	53.62,	5.46
  821000000,	53.62,	5.40
  822000000,	53.61,	5.56
  823000000,	53.60,	5.45
  824000000,	53.59,	5.60
  825000000,	53.58,	5.74
  826000000,	53.57,	5.74
  827000000,	53.57,	5.80
  828000000,	53.56,	5.88
  829000000,	53.55,	5.77
  830000000,	53.54,	5.72
  831000000,	53.53,	5.80
  832000000,	53.53,	5.84
  833000000,	53.52,	5.92
  834000000,	53.51,	5.96
  835000000,	53.51,	5.82
  836000000,	53.50,	5.98
  837000000,	53.50,	5.88
  838000000,	53.49,	5.91
  839000000,	53.49,	6.14
  840000000,	53.48,	6.06
  841000000,	53.48,	6.03
  842000000,	53.48,	6.02
  843000000,	53.48,	5.93
  844000000,	53.47,	6.04
  845000000,	53.47,	6.05
  846000000,	53.48,	6.24
  847000000,	53.48,	5.99
  848000000,	53.48,	6.14
  849000000,	53.48,	6.14
  850000000,	53.48,	6.01
  851000000,	53.49,	5.95
  852000000,	53.49,	5.89
  853000000,	53.50,	5.99
  854000000,	53.51,	6.04
  855000000,	53.51,	6.02
  856000000,	53.52,	6.06
  857000000,	53.53,	5.91
  858000000,	53.54,	5.98
  859000000,	53.55,	5.95
  860000000,	53.56,	5.85
  861000000,	53.57,	5.95
  862000000,	53.58,	5.93
  863000000,	53.59,	5.81
  864000000,	53.61,	5.89
  865000000,	53.62,	5.85
  866000000,	53.63,	5.81
  867000000,	53.64,	5.85
  868000000,	53.66,	5.64
  869000000,	53.67,	5.77
  870000000,	53.69,	5.76
  871000000,	53.71,	5.64
  872000000,	53.73,	5.68
  873000000,	53.75,	5.74
  874000000,	53.77,	5.58
  875000000,	53.79,	5.67
  876000000,	53.81,	5.64
  877000000,	53.83,	5.51
  878000000,	53.85,	5.57
  879000000,	53.87,	5.60
  880000000,	53.89,	5.49
  881000000,	53.91,	5.35
  882000000,	53.93,	5.57
  883000000,	53.94,	5.49
  884000000,	53.96,	5.42
  885000000,	53.98,	5.58
  886000000,	54.00,	5.55
  887000000,	54.01,	5.55
  888000000,	54.02,	5.59
  889000000,	54.04,	5.61
  890000000,	54.05,	5.43
  891000000,	54.06,	5.53
  892000000,	54.07,	5.56
  893000000,	54.09,	5.54
  894000000,	54.10,	5.53
  895000000,	54.11,	5.58
  896000000,	54.11,	5.51
  897000000,	54.12,	5.57
  898000000,	54.12,	5.59
  899000000,	54.13,	5.60
  900000000,	54.13,	5.73
  901000000,	54.13,	5.76
  902000000,	54.14,	5.78
  903000000,	54.13,	5.83
  904000000,	54.13,	5.97
  905000000,	54.13,	6.01
  906000000,	54.12,	6.05
  907000000,	54.12,	6.14
  908000000,	54.11,	6.17
  909000000,	54.10,	6.23
  910000000,	54.10,	6.10
  911000000,	54.09,	6.31
  912000000,	54.08,	6.13
  913000000,	54.07,	6.23
  914000000,	54.06,	6.21
  915000000,	54.06,	6.24
  916000000,	54.05,	6.28
  917000000,	54.04,	6.23
  918000000,	54.04,	6.27
  919000000,	54.03,	6.16
  920000000,	54.02,	6.13
  921000000,	54.01,	6.27
  922000000,	54.00,	6.25
  923000000,	53.99,	6.26
  924000000,	53.98,	6.40
  925000000,	53.96,	6.34
  926000000,	53.96,	6.42
  927000000,	53.94,	6.31
  928000000,	53.93,	6.38
  929000000,	53.92,	6.28
  930000000,	53.91,	6.35
  931000000,	53.90,	6.38
  932000000,	53.89,	6.33
  933000000,	53.89,	6.30
  934000000,	53.88,	6.40
  935000000,	53.87,	6.50
  936000000,	53.86,	6.46
  937000000,	53.85,	6.51
  938000000,	53.85,	6.43
  939000000,	53.84,	6.59
  940000000,	53.84,	6.51
  941000000,	53.83,	6.48
  942000000,	53.83,	6.42
  943000000,	53.83,	6.53
  944000000,	53.83,	6.51
  945000000,	53.83,	6.51
  946000000,	53.84,	6.57
  947000000,	53.84,	6.63
  948000000,	53.84,	6.60
  949000000,	53.85,	6.76
  950000000,	53.85,	6.60
  951000000,	53.86,	6.68
  952000000,	53.87,	6.63
  953000000,	53.88,	6.66
  954000000,	53.89,	6.63
  955000000,	53.90,	6.80
  956000000,	53.91,	6.76
  957000000,	53.92,	6.69
  958000000,	53.94,	6.86
  959000000,	53.95,	6.73
  960000000,	53.97,	6.73
  961000000,	53.99,	6.72
  962000000,	54.00,	6.70
  963000000,	54.02,	6.71
  964000000,	54.04,	6.66
  965000000,	54.06,	6.80
  966000000,	54.08,	6.69
  967000000,	54.10,	6.56
  968000000,	54.12,	6.71
  969000000,	54.13,	6.62
  970000000,	54.16,	6.62
  971000000,	54.18,	6.65
  972000000,	54.20,	6.63
  973000000,	54.21,	6.55
  974000000,	54.23,	6.53
  975000000,	54.26,	6.70
  976000000,	54.27,	6.65
  977000000,	54.29,	6.66
  978000000,	54.31,	6.64
  979000000,	54.33,	6.72
  980000000,	54.35,	6.52
  981000000,	54.36,	6.70
  982000000,	54.38,	6.61
  983000000,	54.40,	6.69
  984000000,	54.41,	6.58
  985000000,	54.43,	6.62
  986000000,	54.44,	6.70
  987000000,	54.46,	6.64
  988000000,	54.47,	6.56
  989000000,	54.49,	6.62
  990000000,	54.50,	6.67
  991000000,	54.51,	6.71
  992000000,	54.52,	6.69
  993000000,	54.53,	6.68
  994000000,	54.53,	6.77
  995000000,	54.54,	6.60
  996000000,	54.54,	6.67
  997000000,	54.54,	6.77
  998000000,	54.54,	6.76
  999000000,	54.54,	6.76
 1000000000,	54.55,	6.74
 1001000000,	54.54,	6.75
 1002000000,	54.54,	6.73
 1003000000,	54.54,	6.72
 1004000000,	54.53,	6.78
 1005000000,	54.53,	6.70
 1006000000,	54.52,	6.78
 1007000000,	54.52,	6.83
 1008000000,	54.51,	6.81
 1009000000,	54.51,	6.85
 1010000000,	54.51,	6.75
 1011000000,	54.50,	6.98
 1012000000,	54.50,	6.81
 1013000000,	54.50,	6.90
 1014000000,	54.50,	6.82
 1015000000,	54.50,	6.77
