% f (Hz),G_rec (dB),T_e_rec (K)
  580000000,	56.19,	5.27
  581000000,	56.19,	5.32
  582000000,	56.18,	5.26
  583000000,	56.17,	5.20
  584000000,	56.17,	5.36
  585000000,	56.16,	5.25
  586000000,	56.15,	5.35
  587000000,	56.15,	5.31
  588000000,	56.14,	5.42
  589000000,	56.13,	5.17
  590000000,	56.12,	5.36
  591000000,	56.11,	5.35
  592000000,	56.11,	5.42
  593000000,	56.10,	5.28
  594000000,	56.10,	5.19
  595000000,	56.09,	5.22
  596000000,	56.08,	5.27
  597000000,	56.07,	5.29
  598000000,	56.07,	5.32
  599000000,	56.07,	5.19
  600000000,	56.06,	5.34
  601000000,	56.05,	5.23
  602000000,	56.04,	5.21
  603000000,	56.03,	5.22
  604000000,	56.03,	5.13
  605000000,	56.03,	5.16
  606000000,	56.02,	5.11
  607000000,	56.02,	5.20
  608000000,	56.01,	5.20
  609000000,	56.00,	5.15
  610000000,	56.00,	5.25
  611000000,	56.00,	5.08
  612000000,	55.99,	5.19
  613000000,	55.99,	5.21
  614000000,	55.98,	5.11
  615000000,	55.97,	5.10
  616000000,	55.97,	5.05
  617000000,	55.97,	5.18
  618000000,	55.96,	5.06
  619000000,	55.95,	5.09
  620000000,	55.95,	5.15
  621000000,	55.94,	5.04
  622000000,	55.93,	5.16
  623000000,	55.93,	5.11
  624000000,	55.92,	5.08
  625000000,	55.92,	5.15
  626000000,	55.91,	4.96
  627000000,	55.90,	5.11
  628000000,	55.89,	4.97
  629000000,	55.89,	4.97
  630000000,	55.88,	5.06
  631000000,	55.87,	4.97
  632000000,	55.86,	4.93
  633000000,	55.86,	5.05
  634000000,	55.85,	4.99
  635000000,	55.84,	4.94
  636000000,	55.83,	4.95
  637000000,	55.82,	4.88
  638000000,	55.82,	4.97
  639000000,	55.81,	4.85
  640000000,	55.80,	4.94
  641000000,	55.79,	4.96
  642000000,	55.79,	4.95
  643000000,	55.78,	4.99
  644000000,	55.77,	4.89
  645000000,	55.76,	4.91
  646000000,	55.75,	4.89
  647000000,	55.74,	4.94
  648000000,	55.74,	4.92
  649000000,	55.73,	4.97
  650000000,	55.72,	4.94
  651000000,	55.71,	4.91
  652000000,	55.70,	4.89
  653000000,	55.69,	4.92
  654000000,	55.69,	4.92
  655000000,	55.68,	4.92
  656000000,	55.68,	4.95
  657000000,	55.67,	4.93
  658000000,	55.67,	4.82
  659000000,	55.66,	4.93
  660000000,	55.66,	4.93
  661000000,	55.65,	4.89
  662000000,	55.65,	5.02
  663000000,	55.64,	4.90
  664000000,	55.64,	4.97
  665000000,	55.64,	4.89
  666000000,	55.64,	4.95
  667000000,	55.63,	5.02
  668000000,	55.63,	4.93
  669000000,	55.62,	5.09
  670000000,	55.62,	5.04
  671000000,	55.62,	5.00
  672000000,	55.61,	5.09
  673000000,	55.61,	5.10
  674000000,	55.60,	5.28
  675000000,	55.60,	5.16
  676000000,	55.60,	5.14
  677000000,	55.60,	5.13
  678000000,	55.60,	5.15
  679000000,	55.59,	5.16
  680000000,	55.59,	5.21
  681000000,	55.59,	5.16
  682000000,	55.59,	5.12
  683000000,	55.59,	5.32
  684000000,	55.59,	5.06
  685000000,	55.58,	5.22
  686000000,	55.58,	5.30
  687000000,	55.58,	5.33
  688000000,	55.57,	5.24
  689000000,	55.57,	5.22
  690000000,	55.57,	5.27
  691000000,	55.57,	5.15
  692000000,	55.56,	5.29
  693000000,	55.56,	5.25
  694000000,	55.56,	5.27
  695000000,	55.56,	5.28
  696000000,	55.55,	5.35
  697000000,	55.55,	5.29
  698000000,	55.55,	5.29
  699000000,	55.54,	5.38
  700000000,	55.54,	5.30
  701000000,	55.53,	5.35
  702000000,	55.52,	5.43
  703000000,	55.51,	5.42
  704000000,	55.51,	5.48
  705000000,	55.50,	5.42
  706000000,	55.50,	5.43
  707000000,	55.49,	5.46
  708000000,	55.48,	5.49
  709000000,	55.47,	5.39
  710000000,	55.46,	5.48
  711000000,	55.45,	5.46
  712000000,	55.44,	5.44
  713000000,	55.44,	5.51
  714000000,	55.43,	5.54
  715000000,	55.42,	5.46
  716000000,	55.41,	5.53
  717000000,	55.40,	5.50
  718000000,	55.40,	5.55
  719000000,	55.38,	5.41
  720000000,	55.37,	5.55
  721000000,	55.37,	5.70
  722000000,	55.36,	5.51
  723000000,	55.35,	5.64
  724000000,	55.34,	5.69
  725000000,	55.33,	5.64
  726000000,	55.32,	5.66
  727000000,	55.31,	5.60
  728000000,	55.30,	5.76
  729000000,	55.29,	5.69
  730000000,	55.29,	5.81
  731000000,	55.28,	5.73
  732000000,	55.28,	5.84
  733000000,	55.27,	5.68
  734000000,	55.27,	5.80
  735000000,	55.26,	5.90
  736000000,	55.25,	5.93
  737000000,	55.25,	5.86
  738000000,	55.25,	5.80
  739000000,	55.25,	5.82
  740000000,	55.25,	5.83
  741000000,	55.25,	5.91
  742000000,	55.25,	5.91
  743000000,	55.25,	6.03
  744000000,	55.25,	5.98
  745000000,	55.25,	6.05
  746000000,	55.26,	6.07
  747000000,	55.26,	5.89
  748000000,	55.27,	5.99
  749000000,	55.27,	6.01
  750000000,	55.28,	6.12
  751000000,	55.28,	5.91
  752000000,	55.29,	6.02
  753000000,	55.29,	6.03
  754000000,	55.30,	6.06
  755000000,	55.31,	6.07
  756000000,	55.32,	5.95
  757000000,	55.33,	6.09
  758000000,	55.34,	6.01
  759000000,	55.36,	5.97
  760000000,	55.37,	5.96
  761000000,	55.38,	6.02
  762000000,	55.40,	5.98
  763000000,	55.41,	5.95
  764000000,	55.42,	6.03
  765000000,	55.43,	5.86
  766000000,	55.44,	5.89
  767000000,	55.46,	5.95
  768000000,	55.47,	5.90
  769000000,	55.49,	5.85
  770000000,	55.50,	5.79
  771000000,	55.51,	5.90
  772000000,	55.53,	5.82
  773000000,	55.54,	5.77
  774000000,	55.55,	5.74
  775000000,	55.57,	5.74
  776000000,	55.58,	5.70
  777000000,	55.60,	5.62
  778000000,	55.61,	5.70
  779000000,	55.62,	5.58
  780000000,	55.64,	5.54
  781000000,	55.65,	5.49
  782000000,	55.66,	5.54
  783000000,	55.67,	5.56
  784000000,	55.68,	5.52
  785000000,	55.69,	5.52
  786000000,	55.70,	5.38
  787000000,	55.70,	5.37
  788000000,	55.71,	5.43
  789000000,	55.72,	5.33
  790000000,	55.72,	5.38
  791000000,	55.72,	5.32
  792000000,	55.73,	5.36
  793000000,	55.73,	5.42
  794000000,	55.74,	5.48
  795000000,	55.74,	5.35
  796000000,	55.74,	5.44
  797000000,	55.73,	5.47
  798000000,	55.73,	5.37
  799000000,	55.73,	5.48
  800000000,	55.73,	5.48
  801000000,	55.72,	5.36
  802000000,	55.72,	5.41
  803000000,	55.71,	5.43
  804000000,	55.71,	5.45
  805000000,	55.70,	5.41
  806000000,	55.69,	5.53
  807000000,	55.68,	5.57
  808000000,	55.68,	5.44
  809000000,	55.67,	5.45
  810000000,	55.66,	5.64
  811000000,	55.65,	5.69
  812000000,	55.64,	5.67
  813000000,	55.62,	5.56
  814000000,	55.61,	5.67
  815000000,	55.60,	5.75
  816000000,	55.59,	5.65
  817000000,	55.57,	5.71
  818000000,	55.57,	5.79
  819000000,	55.55,	5.86
  820000000,	55.54,	5.90
  821000000,	55.53,	5.91
  822000000,	55.52,	5.94
  823000000,	55.51,	6.08
  824000000,	55.50,	6.11
  825000000,	55.49,	6.13
  826000000,	55.47,	6.07
  827000000,	55.46,	6.08
  828000000,	55.45,	6.23
  829000000,	55.45,	6.18
  830000000,	55.44,	6.27
  831000000,	55.43,	6.24
  832000000,	55.42,	6.35
  833000000,	55.42,	6.24
  834000000,	55.41,	6.36
  835000000,	55.41,	6.34
  836000000,	55.40,	6.36
  837000000,	55.39,	6.36
  838000000,	55.39,	6.51
  839000000,	55.39,	6.61
  840000000,	55.39,	6.44
  841000000,	55.39,	6.44
  842000000,	55.39,	6.56
  843000000,	55.38,	6.45
  844000000,	55.39,	6.55
  845000000,	55.39,	6.54
  846000000,	55.39,	6.50
  847000000,	55.40,	6.47
  848000000,	55.40,	6.41
  849000000,	55.41,	6.47
  850000000,	55.41,	6.42
  851000000,	55.42,	6.53
  852000000,	55.43,	6.52
  853000000,	55.44,	6.40
  854000000,	55.44,	6.43
  855000000,	55.46,	6.38
  856000000,	55.47,	6.45
  857000000,	55.47,	6.41
  858000000,	55.49,	6.39
  859000000,	55.50,	6.27
  860000000,	55.51,	6.33
  861000000,	55.52,	6.27
  862000000,	55.54,	6.21
  863000000,	55.55,	6.27
  864000000,	55.56,	6.21
  865000000,	55.57,	6.15
  866000000,	55.59,	6.28
  867000000,	55.60,	6.13
  868000000,	55.62,	6.19
  869000000,	55.63,	6.26
  870000000,	55.65,	6.07
  871000000,	55.66,	6.08
  872000000,	55.67,	6.00
  873000000,	55.68,	6.15
  874000000,	55.70,	6.09
  875000000,	55.71,	6.09
  876000000,	55.72,	5.99
  877000000,	55.73,	6.13
  878000000,	55.74,	6.10
  879000000,	55.75,	6.02
  880000000,	55.76,	6.03
  881000000,	55.77,	6.10
  882000000,	55.78,	6.17
  883000000,	55.78,	6.01
  884000000,	55.79,	6.08
  885000000,	55.80,	6.15
  886000000,	55.80,	6.05
  887000000,	55.81,	6.14
  888000000,	55.81,	6.01
  889000000,	55.81,	6.17
  890000000,	55.81,	6.26
  891000000,	55.81,	6.26
  892000000,	55.81,	6.26
  893000000,	55.81,	6.36
  894000000,	55.81,	6.29
  895000000,	55.80,	6.40
  896000000,	55.79,	6.40
  897000000,	55.79,	6.55
  898000000,	55.78,	6.46
  899000000,	55.77,	6.68
  900000000,	55.76,	6.61
  901000000,	55.75,	6.63
  902000000,	55.73,	6.77
  903000000,	55.72,	6.70
  904000000,	55.71,	6.79
  905000000,	55.69,	6.86
  906000000,	55.68,	7.04
  907000000,	55.67,	7.09
  908000000,	55.66,	7.06
  909000000,	55.65,	7.21
  910000000,	55.64,	7.22
  911000000,	55.62,	7.30
  912000000,	55.61,	7.36
  913000000,	55.60,	7.31
  914000000,	55.59,	7.33
  915000000,	55.57,	7.34
  916000000,	55.56,	7.45
  917000000,	55.55,	7.49
  918000000,	55.54,	7.39
  919000000,	55.53,	7.32
  920000000,	55.53,	7.36
  921000000,	55.52,	7.25
  922000000,	55.51,	7.44
  923000000,	55.50,	7.37
  924000000,	55.50,	7.45
  925000000,	55.49,	7.45
  926000000,	55.48,	7.56
  927000000,	55.47,	7.52
  928000000,	55.47,	7.48
  929000000,	55.47,	7.34
  930000000,	55.46,	7.38
  931000000,	55.46,	7.31
  932000000,	55.46,	7.26
  933000000,	55.45,	7.44
  934000000,	55.45,	7.37
  935000000,	55.45,	7.28
  936000000,	55.45,	7.19
  937000000,	55.45,	7.31
  938000000,	55.46,	7.25
  939000000,	55.47,	7.26
  940000000,	55.48,	7.32
  941000000,	55.50,	7.31
  942000000,	55.51,	7.34
  943000000,	55.52,	7.27
  944000000,	55.53,	7.36
  945000000,	55.55,	7.32
  946000000,	55.56,	7.24
  947000000,	55.57,	7.35
  948000000,	55.59,	7.26
  949000000,	55.60,	7.28
  950000000,	55.62,	7.33
  951000000,	55.63,	7.39
  952000000,	55.65,	7.46
  953000000,	55.67,	7.27
  954000000,	55.69,	7.40
  955000000,	55.71,	7.34
  956000000,	55.74,	7.43
  957000000,	55.76,	7.41
  958000000,	55.78,	7.36
  959000000,	55.81,	7.34
  960000000,	55.83,	7.38
  961000000,	55.86,	7.31
  962000000,	55.88,	7.23
  963000000,	55.91,	7.26
  964000000,	55.93,	7.20
  965000000,	55.96,	7.08
  966000000,	55.98,	7.08
  967000000,	56.01,	7.23
  968000000,	56.03,	7.01
  969000000,	56.06,	6.96
  970000000,	56.08,	7.05
  971000000,	56.11,	6.96
  972000000,	56.13,	6.93
  973000000,	56.15,	6.90
  974000000,	56.17,	6.89
  975000000,	56.20,	6.96
  976000000,	56.21,	6.84
  977000000,	56.23,	6.78
  978000000,	56.25,	6.84
  979000000,	56.26,	6.75
  980000000,	56.28,	6.81
  981000000,	56.29,	6.77
  982000000,	56.31,	6.75
  983000000,	56.32,	6.91
  984000000,	56.33,	6.83
  985000000,	56.34,	6.72
  986000000,	56.35,	6.75
  987000000,	56.35,	6.77
  988000000,	56.36,	6.71
  989000000,	56.37,	6.74
  990000000,	56.37,	6.70
  991000000,	56.37,	6.77
  992000000,	56.37,	6.96
  993000000,	56.38,	6.78
  994000000,	56.37,	6.71
  995000000,	56.38,	6.76
  996000000,	56.37,	6.78
  997000000,	56.37,	6.80
  998000000,	56.37,	6.81
  999000000,	56.37,	6.75
 1000000000,	56.37,	6.83
 1001000000,	56.36,	7.03
 1002000000,	56.36,	6.86
 1003000000,	56.36,	6.89
 1004000000,	56.36,	6.86
 1005000000,	56.35,	6.85
 1006000000,	56.35,	7.07
 1007000000,	56.35,	6.84
 1008000000,	56.35,	6.90
 1009000000,	56.34,	7.00
 1010000000,	56.34,	7.04
 1011000000,	56.34,	6.97
 1012000000,	56.34,	6.99
 1013000000,	56.35,	7.06
 1014000000,	56.35,	7.02
 1015000000,	56.36,	7.06
