% f (Hz),G_rec (dB),T_e_rec (K)
  580000000,	56.47,	5.35
  581000000,	56.47,	5.36
  582000000,	56.47,	5.45
  583000000,	56.48,	5.28
  584000000,	56.48,	5.43
  585000000,	56.48,	5.33
  586000000,	56.48,	5.37
  587000000,	56.48,	5.33
  588000000,	56.48,	5.20
  589000000,	56.48,	5.20
  590000000,	56.47,	5.25
  591000000,	56.47,	5.34
  592000000,	56.47,	5.23
  593000000,	56.47,	5.24
  594000000,	56.46,	5.35
  595000000,	56.46,	5.43
  596000000,	56.45,	5.27
  597000000,	56.45,	5.30
  598000000,	56.44,	5.14
  599000000,	56.44,	5.15
  600000000,	56.43,	5.32
  601000000,	56.43,	5.19
  602000000,	56.42,	5.21
  603000000,	56.42,	5.21
  604000000,	56.41,	5.13
  605000000,	56.41,	5.12
  606000000,	56.41,	5.12
  607000000,	56.40,	5.19
  608000000,	56.40,	5.09
  609000000,	56.39,	5.07
  610000000,	56.39,	4.95
  611000000,	56.39,	4.98
  612000000,	56.38,	5.05
  613000000,	56.38,	5.01
  614000000,	56.37,	5.08
  615000000,	56.37,	4.93
  616000000,	56.37,	5.10
  617000000,	56.36,	4.91
  618000000,	56.36,	4.88
  619000000,	56.35,	4.87
  620000000,	56.35,	4.93
  621000000,	56.34,	4.86
  622000000,	56.34,	4.86
  623000000,	56.34,	4.87
  624000000,	56.33,	4.76
  625000000,	56.33,	4.90
  626000000,	56.32,	4.83
  627000000,	56.32,	4.77
  628000000,	56.31,	4.86
  629000000,	56.31,	4.83
  630000000,	56.30,	4.80
  631000000,	56.30,	4.84
  632000000,	56.29,	4.85
  633000000,	56.29,	4.91
  634000000,	56.28,	4.84
  635000000,	56.28,	4.87
  636000000,	56.27,	4.79
  637000000,	56.26,	4.81
  638000000,	56.26,	4.78
  639000000,	56.25,	4.78
  640000000,	56.25,	4.73
  641000000,	56.24,	4.78
  642000000,	56.23,	4.80
  643000000,	56.23,	4.73
  644000000,	56.22,	4.84
  645000000,	56.22,	4.64
  646000000,	56.21,	4.73
  647000000,	56.20,	4.66
  648000000,	56.20,	4.61
  649000000,	56.19,	4.73
  650000000,	56.18,	4.70
  651000000,	56.18,	4.61
  652000000,	56.17,	4.72
  653000000,	56.17,	4.77
  654000000,	56.16,	4.71
  655000000,	56.15,	4.84
  656000000,	56.15,	4.74
  657000000,	56.14,	4.80
  658000000,	56.14,	4.84
  659000000,	56.13,	4.82
  660000000,	56.12,	4.71
  661000000,	56.12,	4.76
  662000000,	56.11,	4.77
  663000000,	56.11,	4.79
  664000000,	56.11,	4.92
  665000000,	56.10,	4.81
  666000000,	56.10,	4.75
  667000000,	56.10,	4.71
  668000000,	56.09,	4.71
  669000000,	56.09,	4.80
  670000000,	56.08,	4.84
  671000000,	56.08,	4.79
  672000000,	56.08,	4.69
  673000000,	56.08,	4.77
  674000000,	56.08,	4.83
  675000000,	56.08,	4.88
  676000000,	56.07,	4.78
  677000000,	56.07,	4.86
  678000000,	56.07,	4.73
  679000000,	56.07,	4.80
  680000000,	56.07,	4.84
  681000000,	56.07,	4.87
  682000000,	56.07,	4.87
  683000000,	56.07,	4.79
  684000000,	56.07,	4.86
  685000000,	56.07,	4.90
  686000000,	56.07,	4.94
  687000000,	56.07,	4.84
  688000000,	56.08,	4.91
  689000000,	56.08,	4.91
  690000000,	56.08,	4.82
  691000000,	56.08,	4.86
  692000000,	56.08,	4.91
  693000000,	56.08,	4.86
  694000000,	56.08,	4.94
  695000000,	56.08,	4.94
  696000000,	56.08,	4.90
  697000000,	56.08,	4.97
  698000000,	56.08,	4.96
  699000000,	56.08,	4.96
  700000000,	56.08,	4.97
  701000000,	56.08,	4.90
  702000000,	56.08,	4.87
  703000000,	56.08,	4.92
  704000000,	56.07,	4.89
  705000000,	56.07,	4.87
  706000000,	56.07,	4.92
  707000000,	56.07,	4.96
  708000000,	56.06,	4.97
  709000000,	56.06,	4.92
  710000000,	56.05,	4.97
  711000000,	56.05,	4.95
  712000000,	56.04,	4.93
  713000000,	56.04,	5.00
  714000000,	56.03,	4.98
  715000000,	56.03,	5.05
  716000000,	56.02,	4.82
  717000000,	56.01,	4.94
  718000000,	56.01,	5.00
  719000000,	56.00,	4.89
  720000000,	55.99,	4.99
  721000000,	55.99,	5.01
  722000000,	55.98,	5.04
  723000000,	55.97,	5.11
  724000000,	55.97,	5.04
  725000000,	55.96,	4.99
  726000000,	55.95,	4.98
  727000000,	55.94,	4.96
  728000000,	55.94,	5.11
  729000000,	55.93,	4.88
  730000000,	55.92,	5.09
  731000000,	55.91,	5.12
  732000000,	55.90,	5.13
  733000000,	55.90,	5.12
  734000000,	55.89,	5.20
  735000000,	55.88,	5.10
  736000000,	55.88,	5.16
  737000000,	55.87,	5.20
  738000000,	55.87,	5.27
  739000000,	55.86,	5.22
  740000000,	55.85,	5.31
  741000000,	55.85,	5.40
  742000000,	55.84,	5.45
  743000000,	55.84,	5.38
  744000000,	55.84,	5.33
  745000000,	55.83,	5.37
  746000000,	55.83,	5.45
  747000000,	55.83,	5.38
  748000000,	55.82,	5.23
  749000000,	55.82,	5.41
  750000000,	55.82,	5.42
  751000000,	55.82,	5.50
  752000000,	55.82,	5.43
  753000000,	55.82,	5.46
  754000000,	55.82,	5.52
  755000000,	55.82,	5.45
  756000000,	55.82,	5.55
  757000000,	55.83,	5.56
  758000000,	55.83,	5.51
  759000000,	55.84,	5.58
  760000000,	55.84,	5.58
  761000000,	55.85,	5.58
  762000000,	55.85,	5.61
  763000000,	55.86,	5.57
  764000000,	55.87,	5.60
  765000000,	55.88,	5.49
  766000000,	55.89,	5.58
  767000000,	55.90,	5.50
  768000000,	55.90,	5.56
  769000000,	55.92,	5.42
  770000000,	55.93,	5.55
  771000000,	55.93,	5.44
  772000000,	55.95,	5.38
  773000000,	55.96,	5.46
  774000000,	55.97,	5.37
  775000000,	55.98,	5.41
  776000000,	55.99,	5.43
  777000000,	56.00,	5.49
  778000000,	56.01,	5.44
  779000000,	56.03,	5.29
  780000000,	56.04,	5.34
  781000000,	56.05,	5.30
  782000000,	56.06,	5.39
  783000000,	56.07,	5.37
  784000000,	56.08,	5.42
  785000000,	56.09,	5.18
  786000000,	56.11,	5.28
  787000000,	56.12,	5.12
  788000000,	56.13,	5.08
  789000000,	56.14,	5.21
  790000000,	56.15,	5.05
  791000000,	56.15,	5.21
  792000000,	56.16,	5.14
  793000000,	56.17,	5.16
  794000000,	56.18,	5.10
  795000000,	56.18,	5.05
  796000000,	56.19,	5.09
  797000000,	56.20,	5.13
  798000000,	56.21,	5.05
  799000000,	56.21,	4.99
  800000000,	56.21,	4.98
  801000000,	56.22,	5.09
  802000000,	56.22,	5.03
  803000000,	56.22,	5.07
  804000000,	56.23,	5.10
  805000000,	56.23,	5.08
  806000000,	56.23,	5.08
  807000000,	56.23,	5.00
  808000000,	56.23,	5.06
  809000000,	56.23,	5.04
  810000000,	56.23,	5.12
  811000000,	56.22,	4.99
  812000000,	56.22,	5.07
  813000000,	56.22,	5.11
  814000000,	56.21,	5.25
  815000000,	56.21,	5.22
  816000000,	56.20,	5.11
  817000000,	56.20,	5.30
  818000000,	56.19,	5.22
  819000000,	56.18,	5.18
  820000000,	56.18,	5.37
  821000000,	56.17,	5.38
  822000000,	56.16,	5.51
  823000000,	56.15,	5.48
  824000000,	56.14,	5.47
  825000000,	56.14,	5.52
  826000000,	56.13,	5.40
  827000000,	56.12,	5.60
  828000000,	56.11,	5.44
  829000000,	56.10,	5.60
  830000000,	56.10,	5.67
  831000000,	56.09,	5.47
  832000000,	56.08,	5.71
  833000000,	56.07,	5.64
  834000000,	56.07,	5.66
  835000000,	56.06,	5.67
  836000000,	56.05,	5.82
  837000000,	56.05,	5.70
  838000000,	56.04,	5.64
  839000000,	56.04,	5.81
  840000000,	56.03,	5.80
  841000000,	56.03,	5.84
  842000000,	56.02,	5.81
  843000000,	56.02,	5.79
  844000000,	56.02,	5.92
  845000000,	56.01,	5.71
  846000000,	56.01,	5.67
  847000000,	56.01,	5.89
  848000000,	56.01,	5.86
  849000000,	56.01,	5.90
  850000000,	56.01,	5.72
  851000000,	56.01,	5.91
  852000000,	56.01,	5.72
  853000000,	56.01,	5.74
  854000000,	56.02,	5.84
  855000000,	56.02,	5.79
  856000000,	56.03,	5.81
  857000000,	56.03,	5.79
  858000000,	56.04,	5.69
  859000000,	56.05,	5.69
  860000000,	56.06,	5.63
  861000000,	56.06,	5.67
  862000000,	56.07,	5.69
  863000000,	56.08,	5.78
  864000000,	56.09,	5.61
  865000000,	56.10,	5.53
  866000000,	56.11,	5.60
  867000000,	56.12,	5.61
  868000000,	56.14,	5.54
  869000000,	56.15,	5.58
  870000000,	56.16,	5.59
  871000000,	56.17,	5.46
  872000000,	56.19,	5.57
  873000000,	56.20,	5.49
  874000000,	56.21,	5.52
  875000000,	56.23,	5.49
  876000000,	56.24,	5.43
  877000000,	56.25,	5.37
  878000000,	56.27,	5.39
  879000000,	56.28,	5.44
  880000000,	56.29,	5.39
  881000000,	56.31,	5.40
  882000000,	56.32,	5.34
  883000000,	56.33,	5.35
  884000000,	56.34,	5.24
  885000000,	56.36,	5.26
  886000000,	56.37,	5.36
  887000000,	56.37,	5.29
  888000000,	56.39,	5.33
  889000000,	56.39,	5.42
  890000000,	56.40,	5.39
  891000000,	56.41,	5.27
  892000000,	56.42,	5.45
  893000000,	56.43,	5.33
  894000000,	56.44,	5.40
  895000000,	56.44,	5.40
  896000000,	56.44,	5.42
  897000000,	56.45,	5.43
  898000000,	56.45,	5.57
  899000000,	56.45,	5.47
  900000000,	56.45,	5.59
  901000000,	56.45,	5.70
  902000000,	56.45,	5.64
  903000000,	56.45,	5.77
  904000000,	56.44,	5.81
  905000000,	56.44,	5.94
  906000000,	56.43,	5.97
  907000000,	56.42,	5.98
  908000000,	56.41,	6.06
  909000000,	56.40,	5.99
  910000000,	56.39,	6.23
  911000000,	56.38,	6.04
  912000000,	56.37,	6.02
  913000000,	56.36,	6.08
  914000000,	56.35,	6.06
  915000000,	56.35,	5.88
  916000000,	56.35,	5.88
  917000000,	56.35,	5.80
  918000000,	56.35,	5.80
  919000000,	56.34,	5.88
  920000000,	56.33,	5.86
  921000000,	56.33,	5.94
  922000000,	56.32,	5.91
  923000000,	56.31,	6.01
  924000000,	56.30,	5.96
  925000000,	56.28,	5.89
  926000000,	56.27,	5.97
  927000000,	56.26,	6.05
  928000000,	56.25,	5.93
  929000000,	56.24,	6.04
  930000000,	56.23,	6.02
  931000000,	56.22,	6.08
  932000000,	56.21,	6.02
  933000000,	56.20,	6.12
  934000000,	56.19,	6.11
  935000000,	56.18,	6.11
  936000000,	56.18,	6.07
  937000000,	56.17,	6.19
  938000000,	56.16,	6.19
  939000000,	56.15,	6.14
  940000000,	56.15,	6.18
  941000000,	56.15,	6.13
  942000000,	56.15,	6.31
  943000000,	56.14,	6.21
  944000000,	56.14,	6.10
  945000000,	56.14,	6.22
  946000000,	56.14,	6.33
  947000000,	56.14,	6.34
  948000000,	56.14,	6.27
  949000000,	56.14,	6.29
  950000000,	56.14,	6.32
  951000000,	56.15,	6.34
  952000000,	56.15,	6.36
  953000000,	56.16,	6.31
  954000000,	56.16,	6.37
  955000000,	56.17,	6.26
  956000000,	56.18,	6.51
  957000000,	56.18,	6.44
  958000000,	56.19,	6.49
  959000000,	56.20,	6.53
  960000000,	56.21,	6.52
  961000000,	56.23,	6.43
  962000000,	56.24,	6.53
  963000000,	56.25,	6.48
  964000000,	56.26,	6.35
  965000000,	56.28,	6.54
  966000000,	56.29,	6.54
  967000000,	56.30,	6.55
  968000000,	56.32,	6.47
  969000000,	56.33,	6.43
  970000000,	56.35,	6.49
  971000000,	56.36,	6.40
  972000000,	56.38,	6.45
  973000000,	56.39,	6.51
  974000000,	56.40,	6.36
  975000000,	56.42,	6.44
  976000000,	56.43,	6.36
  977000000,	56.45,	6.35
  978000000,	56.46,	6.43
  979000000,	56.48,	6.45
  980000000,	56.49,	6.50
  981000000,	56.50,	6.54
  982000000,	56.51,	6.37
  983000000,	56.52,	6.39
  984000000,	56.54,	6.40
  985000000,	56.54,	6.48
  986000000,	56.55,	6.46
  987000000,	56.56,	6.57
  988000000,	56.57,	6.44
  989000000,	56.58,	6.56
  990000000,	56.59,	6.50
  991000000,	56.60,	6.47
  992000000,	56.60,	6.62
  993000000,	56.61,	6.51
  994000000,	56.61,	6.55
  995000000,	56.62,	6.49
  996000000,	56.61,	6.59
  997000000,	56.61,	6.60
  998000000,	56.61,	6.48
  999000000,	56.61,	6.70
 1000000000,	56.61,	6.71
 1001000000,	56.61,	6.50
 1002000000,	56.60,	6.72
 1003000000,	56.60,	6.58
 1004000000,	56.60,	6.67
 1005000000,	56.59,	6.55
 1006000000,	56.58,	6.63
 1007000000,	56.58,	6.64
 1008000000,	56.57,	6.74
 1009000000,	56.56,	6.63
 1010000000,	56.56,	6.53
 1011000000,	56.55,	6.63
 1012000000,	56.54,	6.73
 1013000000,	56.54,	6.68
 1014000000,	56.53,	6.81
 1015000000,	56.53,	6.78
