% f (Hz),G_rec (dB),T_e_rec (K)
  580000000,	56.33,	5.55
  581000000,	56.34,	5.46
  582000000,	56.34,	5.49
  583000000,	56.34,	5.51
  584000000,	56.34,	5.42
  585000000,	56.34,	5.32
  586000000,	56.34,	5.55
  587000000,	56.34,	5.44
  588000000,	56.33,	5.38
  589000000,	56.33,	5.38
  590000000,	56.33,	5.39
  591000000,	56.32,	5.45
  592000000,	56.32,	5.32
  593000000,	56.31,	5.41
  594000000,	56.31,	5.33
  595000000,	56.31,	5.30
  596000000,	56.30,	5.30
  597000000,	56.30,	5.33
  598000000,	56.29,	5.24
  599000000,	56.29,	5.24
  600000000,	56.29,	5.23
  601000000,	56.28,	5.20
  602000000,	56.28,	5.28
  603000000,	56.27,	5.23
  604000000,	56.27,	5.22
  605000000,	56.27,	5.10
  606000000,	56.26,	5.21
  607000000,	56.26,	5.06
  608000000,	56.25,	5.08
  609000000,	56.25,	5.10
  610000000,	56.24,	5.22
  611000000,	56.24,	5.03
  612000000,	56.23,	4.99
  613000000,	56.23,	5.06
  614000000,	56.22,	5.12
  615000000,	56.22,	5.01
  616000000,	56.21,	5.16
  617000000,	56.20,	5.18
  618000000,	56.20,	5.10
  619000000,	56.19,	4.89
  620000000,	56.18,	5.03
  621000000,	56.17,	5.12
  622000000,	56.17,	5.13
  623000000,	56.16,	5.06
  624000000,	56.16,	4.94
  625000000,	56.16,	4.97
  626000000,	56.15,	5.03
  627000000,	56.14,	4.97
  628000000,	56.14,	4.95
  629000000,	56.13,	4.93
  630000000,	56.13,	4.90
  631000000,	56.12,	4.85
  632000000,	56.12,	4.92
  633000000,	56.11,	4.96
  634000000,	56.10,	5.08
  635000000,	56.10,	4.89
  636000000,	56.09,	5.02
  637000000,	56.09,	4.80
  638000000,	56.08,	4.79
  639000000,	56.08,	4.92
  640000000,	56.07,	4.93
  641000000,	56.06,	4.99
  642000000,	56.06,	4.94
  643000000,	56.05,	4.90
  644000000,	56.04,	4.90
  645000000,	56.04,	4.91
  646000000,	56.03,	4.93
  647000000,	56.03,	4.98
  648000000,	56.02,	4.91
  649000000,	56.01,	4.89
  650000000,	56.01,	4.89
  651000000,	56.00,	5.04
  652000000,	55.99,	4.97
  653000000,	55.98,	4.81
  654000000,	55.98,	4.86
  655000000,	55.97,	4.79
  656000000,	55.96,	4.88
  657000000,	55.96,	4.85
  658000000,	55.95,	4.92
  659000000,	55.94,	4.92
  660000000,	55.94,	4.81
  661000000,	55.93,	4.84
  662000000,	55.92,	4.84
  663000000,	55.92,	4.91
  664000000,	55.91,	5.00
  665000000,	55.90,	4.88
  666000000,	55.90,	4.88
  667000000,	55.89,	4.97
  668000000,	55.89,	4.95
  669000000,	55.88,	4.86
  670000000,	55.88,	4.81
  671000000,	55.87,	4.87
  672000000,	55.87,	4.95
  673000000,	55.86,	4.89
  674000000,	55.86,	4.93
  675000000,	55.86,	4.97
  676000000,	55.85,	5.00
  677000000,	55.85,	5.03
  678000000,	55.85,	4.93
  679000000,	55.84,	4.87
  680000000,	55.84,	5.00
  681000000,	55.84,	4.97
  682000000,	55.84,	5.13
  683000000,	55.83,	5.11
  684000000,	55.83,	4.96
  685000000,	55.83,	5.17
  686000000,	55.83,	5.08
  687000000,	55.83,	5.08
  688000000,	55.83,	5.12
  689000000,	55.83,	5.16
  690000000,	55.83,	5.26
  691000000,	55.83,	5.21
  692000000,	55.83,	5.19
  693000000,	55.83,	5.20
  694000000,	55.82,	5.03
  695000000,	55.82,	5.07
  696000000,	55.82,	5.17
  697000000,	55.82,	5.16
  698000000,	55.82,	5.18
  699000000,	55.82,	5.17
  700000000,	55.82,	5.22
  701000000,	55.82,	5.05
  702000000,	55.82,	5.13
  703000000,	55.82,	5.18
  704000000,	55.81,	5.22
  705000000,	55.81,	5.27
  706000000,	55.81,	5.20
  707000000,	55.81,	5.24
  708000000,	55.80,	5.19
  709000000,	55.80,	5.14
  710000000,	55.79,	5.27
  711000000,	55.79,	5.18
  712000000,	55.78,	5.26
  713000000,	55.77,	5.17
  714000000,	55.76,	5.22
  715000000,	55.76,	5.25
  716000000,	55.75,	5.22
  717000000,	55.74,	5.33
  718000000,	55.73,	5.24
  719000000,	55.72,	5.31
  720000000,	55.71,	5.28
  721000000,	55.70,	5.15
  722000000,	55.69,	5.39
  723000000,	55.68,	5.32
  724000000,	55.67,	5.41
  725000000,	55.66,	5.36
  726000000,	55.65,	5.33
  727000000,	55.64,	5.49
  728000000,	55.63,	5.39
  729000000,	55.62,	5.41
  730000000,	55.61,	5.38
  731000000,	55.59,	5.28
  732000000,	55.58,	5.37
  733000000,	55.57,	5.53
  734000000,	55.56,	5.40
  735000000,	55.55,	5.56
  736000000,	55.54,	5.58
  737000000,	55.53,	5.68
  738000000,	55.51,	5.50
  739000000,	55.50,	5.61
  740000000,	55.49,	5.55
  741000000,	55.48,	5.64
  742000000,	55.47,	5.70
  743000000,	55.46,	5.72
  744000000,	55.45,	5.75
  745000000,	55.44,	5.77
  746000000,	55.43,	5.78
  747000000,	55.42,	5.72
  748000000,	55.41,	5.81
  749000000,	55.41,	5.92
  750000000,	55.40,	5.91
  751000000,	55.39,	5.92
  752000000,	55.39,	5.86
  753000000,	55.38,	5.94
  754000000,	55.38,	5.91
  755000000,	55.37,	5.71
  756000000,	55.37,	5.96
  757000000,	55.37,	5.87
  758000000,	55.37,	5.91
  759000000,	55.37,	6.02
  760000000,	55.37,	5.99
  761000000,	55.37,	5.88
  762000000,	55.37,	6.05
  763000000,	55.37,	6.04
  764000000,	55.37,	5.92
  765000000,	55.38,	6.03
  766000000,	55.38,	5.96
  767000000,	55.39,	6.04
  768000000,	55.39,	5.95
  769000000,	55.40,	5.99
  770000000,	55.40,	5.98
  771000000,	55.41,	5.97
  772000000,	55.42,	6.02
  773000000,	55.43,	5.98
  774000000,	55.44,	5.87
  775000000,	55.45,	5.94
  776000000,	55.45,	5.82
  777000000,	55.46,	5.90
  778000000,	55.48,	5.88
  779000000,	55.48,	5.90
  780000000,	55.49,	5.87
  781000000,	55.50,	5.86
  782000000,	55.51,	5.66
  783000000,	55.53,	5.79
  784000000,	55.54,	5.64
  785000000,	55.55,	5.68
  786000000,	55.56,	5.70
  787000000,	55.57,	5.70
  788000000,	55.58,	5.62
  789000000,	55.59,	5.61
  790000000,	55.60,	5.53
  791000000,	55.61,	5.45
  792000000,	55.62,	5.54
  793000000,	55.63,	5.54
  794000000,	55.64,	5.55
  795000000,	55.65,	5.53
  796000000,	55.65,	5.58
  797000000,	55.66,	5.52
  798000000,	55.67,	5.57
  799000000,	55.67,	5.46
  800000000,	55.68,	5.45
  801000000,	55.68,	5.51
  802000000,	55.69,	5.52
  803000000,	55.69,	5.47
  804000000,	55.70,	5.41
  805000000,	55.70,	5.47
  806000000,	55.70,	5.35
  807000000,	55.70,	5.48
  808000000,	55.70,	5.39
  809000000,	55.70,	5.38
  810000000,	55.70,	5.42
  811000000,	55.70,	5.47
  812000000,	55.69,	5.55
  813000000,	55.69,	5.46
  814000000,	55.69,	5.55
  815000000,	55.68,	5.53
  816000000,	55.68,	5.54
  817000000,	55.67,	5.55
  818000000,	55.66,	5.64
  819000000,	55.66,	5.79
  820000000,	55.65,	5.58
  821000000,	55.64,	5.78
  822000000,	55.63,	5.59
  823000000,	55.62,	5.75
  824000000,	55.61,	5.86
  825000000,	55.60,	5.84
  826000000,	55.59,	5.79
  827000000,	55.58,	5.87
  828000000,	55.57,	5.94
  829000000,	55.57,	5.98
  830000000,	55.56,	6.02
  831000000,	55.55,	5.95
  832000000,	55.54,	6.02
  833000000,	55.53,	5.97
  834000000,	55.52,	6.11
  835000000,	55.51,	6.06
  836000000,	55.50,	6.10
  837000000,	55.49,	5.97
  838000000,	55.48,	6.03
  839000000,	55.47,	6.20
  840000000,	55.47,	6.31
  841000000,	55.46,	6.21
  842000000,	55.45,	6.22
  843000000,	55.44,	6.17
  844000000,	55.44,	6.28
  845000000,	55.44,	6.18
  846000000,	55.43,	6.12
  847000000,	55.43,	6.14
  848000000,	55.42,	6.28
  849000000,	55.42,	6.25
  850000000,	55.42,	6.21
  851000000,	55.42,	6.21
  852000000,	55.42,	6.19
  853000000,	55.42,	6.24
  854000000,	55.42,	6.27
  855000000,	55.42,	6.23
  856000000,	55.42,	6.10
  857000000,	55.43,	6.13
  858000000,	55.43,	6.15
  859000000,	55.44,	6.18
  860000000,	55.44,	6.14
  861000000,	55.45,	6.16
  862000000,	55.46,	6.25
  863000000,	55.47,	6.13
  864000000,	55.48,	6.04
  865000000,	55.48,	5.97
  866000000,	55.49,	6.11
  867000000,	55.50,	6.15
  868000000,	55.51,	5.95
  869000000,	55.53,	6.01
  870000000,	55.54,	6.00
  871000000,	55.55,	5.86
  872000000,	55.57,	6.03
  873000000,	55.58,	5.93
  874000000,	55.60,	5.76
  875000000,	55.61,	5.75
  876000000,	55.63,	5.80
  877000000,	55.64,	5.84
  878000000,	55.66,	5.83
  879000000,	55.67,	5.72
  880000000,	55.69,	5.67
  881000000,	55.70,	5.70
  882000000,	55.72,	5.79
  883000000,	55.73,	5.81
  884000000,	55.75,	5.62
  885000000,	55.76,	5.77
  886000000,	55.78,	5.70
  887000000,	55.79,	5.77
  888000000,	55.81,	5.75
  889000000,	55.82,	5.74
  890000000,	55.83,	5.72
  891000000,	55.84,	5.70
  892000000,	55.86,	5.67
  893000000,	55.87,	5.85
  894000000,	55.88,	5.78
  895000000,	55.89,	5.76
  896000000,	55.89,	5.80
  897000000,	55.90,	5.83
  898000000,	55.91,	5.81
  899000000,	55.92,	5.95
  900000000,	55.92,	6.03
  901000000,	55.92,	6.05
  902000000,	55.93,	6.03
  903000000,	55.93,	6.11
  904000000,	55.93,	6.06
  905000000,	55.93,	6.22
  906000000,	55.92,	6.31
  907000000,	55.92,	6.37
  908000000,	55.91,	6.53
  909000000,	55.91,	6.49
  910000000,	55.90,	6.55
  911000000,	55.89,	6.49
  912000000,	55.88,	6.54
  913000000,	55.87,	6.45
  914000000,	55.87,	6.39
  915000000,	55.86,	6.44
  916000000,	55.86,	6.31
  917000000,	55.86,	6.40
  918000000,	55.85,	6.42
  919000000,	55.84,	6.36
  920000000,	55.84,	6.30
  921000000,	55.83,	6.27
  922000000,	55.82,	6.37
  923000000,	55.81,	6.44
  924000000,	55.81,	6.32
  925000000,	55.81,	6.36
  926000000,	55.80,	6.35
  927000000,	55.80,	6.36
  928000000,	55.79,	6.44
  929000000,	55.79,	6.31
  930000000,	55.78,	6.42
  931000000,	55.77,	6.39
  932000000,	55.76,	6.40
  933000000,	55.75,	6.42
  934000000,	55.74,	6.41
  935000000,	55.73,	6.28
  936000000,	55.72,	6.41
  937000000,	55.71,	6.49
  938000000,	55.71,	6.55
  939000000,	55.70,	6.49
  940000000,	55.69,	6.52
  941000000,	55.68,	6.45
  942000000,	55.68,	6.55
  943000000,	55.67,	6.56
  944000000,	55.67,	6.61
  945000000,	55.67,	6.61
  946000000,	55.66,	6.60
  947000000,	55.66,	6.59
  948000000,	55.66,	6.70
  949000000,	55.66,	6.71
  950000000,	55.66,	6.72
  951000000,	55.66,	6.81
  952000000,	55.66,	6.78
  953000000,	55.67,	6.84
  954000000,	55.67,	6.88
  955000000,	55.68,	6.87
  956000000,	55.68,	6.95
  957000000,	55.69,	7.08
  958000000,	55.70,	7.00
  959000000,	55.71,	7.02
  960000000,	55.72,	7.16
  961000000,	55.73,	7.06
  962000000,	55.74,	7.06
  963000000,	55.75,	7.06
  964000000,	55.77,	6.97
  965000000,	55.78,	7.07
  966000000,	55.79,	6.92
  967000000,	55.81,	7.00
  968000000,	55.82,	6.95
  969000000,	55.84,	6.98
  970000000,	55.85,	6.99
  971000000,	55.87,	7.00
  972000000,	55.88,	6.85
  973000000,	55.90,	6.88
  974000000,	55.91,	6.90
  975000000,	55.93,	6.91
  976000000,	55.94,	6.93
  977000000,	55.96,	6.91
  978000000,	55.97,	6.83
  979000000,	55.98,	6.67
  980000000,	56.00,	6.81
  981000000,	56.01,	6.79
  982000000,	56.03,	6.79
  983000000,	56.04,	6.89
  984000000,	56.05,	6.80
  985000000,	56.06,	6.85
  986000000,	56.07,	6.86
  987000000,	56.08,	6.75
  988000000,	56.09,	6.85
  989000000,	56.10,	6.83
  990000000,	56.11,	6.78
  991000000,	56.12,	6.78
  992000000,	56.12,	6.76
  993000000,	56.13,	6.82
  994000000,	56.13,	6.82
  995000000,	56.13,	6.87
  996000000,	56.13,	6.87
  997000000,	56.13,	6.80
  998000000,	56.13,	6.87
  999000000,	56.13,	6.84
 1000000000,	56.13,	6.84
 1001000000,	56.13,	6.84
 1002000000,	56.12,	6.89
 1003000000,	56.12,	6.83
 1004000000,	56.11,	6.84
 1005000000,	56.11,	6.90
 1006000000,	56.10,	6.94
 1007000000,	56.10,	6.86
 1008000000,	56.09,	6.91
 1009000000,	56.08,	6.98
 1010000000,	56.08,	6.99
 1011000000,	56.07,	6.94
 1012000000,	56.06,	6.97
 1013000000,	56.05,	6.97
 1014000000,	56.05,	6.97
 1015000000,	56.04,	7.01
